18000.000000 11319.000000 495.000000 142.000000 1459.000000 764.000000 1973.700000 136366.000000 1182.000000
18450.000000 11319.800000 499.400000 135.500000 1345.510000 905.400000 1704.860000 136364.000000 1250.000000
18900.000000 11319.100000 341.500000 133.050000 1674.660000 955.260000 1539.740000 136485.000000 1202.000000
19350.000000 11392.300000 339.900000 139.245000 1567.345000 1008.030000 1341.320000 136702.000000 1173.000000
19800.000000 11430.500000 401.900000 362.021000 1202.059000 1012.030000 1321.600000 136936.000000 1060.000000
20250.000000 11463.900000 435.000000 345.518000 1154.522000 1096.230000 1171.690000 137103.000000 1202.000000
20700.000000 11495.000000 480.600000 321.067000 1088.323000 1081.700000 1219.650000 137444.000000 1027.000000
21150.000000 11519.600000 485.100000 298.760000 1096.890000 1293.930000 934.490000 137586.000000 1126.000000
21600.000000 11536.900000 432.000000 316.384000 1181.486000 1344.740000 1071.810000 137693.000000 1163.000000
22050.000000 11544.700000 444.100000 312.246000 1222.214000 1513.070000 842.710000 137894.000000 1279.000000
22500.000000 11545.000000 280.400000 287.721000 1119.629000 1574.960000 938.650000 138306.000000 843.000000
22950.000000 11552.400000 111.700000 273.249000 1143.741000 1799.960000 811.040000 138579.000000 516.000000
23400.000000 11514.600000 51.400000 252.924000 1040.536000 2041.770000 657.680000 138724.000000 94.000000
23850.000000 11478.000000 199.800000 229.932000 1016.978000 2194.990000 302.990000 138702.000000 13.000000
24300.000000 11437.500000 340.200000 213.138000 925.232000 2117.490000 334.040000 138698.000000 265.000000
24750.000000 11401.200000 464.500000 198.125000 842.435000 2049.740000 253.470000 138638.000000 422.000000
25200.000000 11368.800000 697.700000 188.112000 926.818000 1960.270000 268.910000 138577.000000 595.000000
25650.000000 11336.500000 787.300000 179.501000 890.309000 1911.340000 489.190000 138420.000000 780.000000
26100.000000 11314.500000 859.500000 292.951000 732.139000 2078.510000 331.100000 138138.000000 976.000000
26550.000000 11297.200000 937.500000 280.556000 936.664000 2176.960000 145.860000 137845.000000 702.000000
27000.000000 11286.800000 995.200000 321.600000 825.580000 2128.660000 25.340000 137516.000000 282.000000
27450.000000 11291.900000 1028.700000 426.340000 673.060000 1963.690000 137.130000 137712.000000 448.000000
27900.000000 11283.900000 1071.200000 391.406000 660.414000 1845.630000 210.980000 138022.000000 685.000000
28350.000000 11270.200000 1430.700000 366.466000 1783.154000 1902.260000 5.560000 138171.000000 467.000000
28800.000000 10606.200000 2330.500000 786.919000 1173.441000 1752.640000 5.280000 138596.000000 470.000000
29250.000000 10917.600000 2106.100000 939.427000 926.363000 1614.070000 98.620000 139082.000000 506.000000
29700.000000 11114.500000 1981.400000 906.484000 861.776000 1537.470000 141.700000 139591.000000 594.000000
30150.000000 11288.100000 1866.200000 1066.140000 560.050000 1553.520000 65.310000 140034.000000 644.000000
30600.000000 11423.600000 1791.600000 999.622000 501.968000 1442.670000 86.090000 140553.000000 783.000000
31050.000000 11515.300000 1746.600000 982.560000 395.970000 1434.500000 9.990000 140986.000000 890.000000
31500.000000 11579.200000 1718.200000 926.104000 331.526000 1337.650000 597.640000 141391.000000 1644.000000
31950.000000 11608.900000 2898.900000 872.394000 1599.156000 1701.990000 226.430000 141285.000000 1886.000000
32400.000000 11613.700000 3755.000000 813.454000 1442.916000 1802.690000 21.000000 141136.000000 1904.000000
32850.000000 12192.000000 3482.900000 1959.310000 122.700000 1776.820000 89.520000 141424.000000 2067.000000
33300.000000 12676.700000 2792.200000 1788.080000 153.880000 1634.740000 845.150000 141701.000000 2523.000000
33750.000000 12766.000000 2514.700000 1676.870000 84.760000 2156.160000 239.510000 141654.000000 2747.000000
34200.000000 12679.600000 2440.800000 1542.880000 87.060000 2342.250000 100.020000 141419.000000 2772.000000
34650.000000 12631.800000 2343.000000 1424.790000 113.970000 2176.620000 36.210000 141194.000000 2744.000000
35100.000000 12534.700000 2509.000000 1469.820000 82.410000 2108.360000 30.970000 141145.000000 2967.000000
35550.000000 12585.400000 2512.600000 1348.830000 85.560000 2057.520000 58.990000 140976.000000 3051.000000
36000.000000 12626.100000 2478.400000 1228.850000 10.910000 1867.770000 31.280000 140933.000000 3119.000000
36450.000000 12656.100000 2324.000000 1129.870000 14.860000 1801.590000 92.180000 141003.000000 3255.000000
36900.000000 12677.200000 2169.800000 1042.980000 9.030000 1752.930000 77.800000 140949.000000 3273.000000
37350.000000 12691.900000 2035.000000 969.781000 16.174000 1751.540000 30.470000 140845.000000 3077.000000
37800.000000 12693.700000 3189.700000 902.703000 1610.737000 1725.690000 64.370000 140898.000000 3670.000000
38250.000000 12507.800000 4222.700000 842.033000 1484.807000 1662.120000 9.600000 140811.000000 3908.000000
38700.000000 13789.400000 3254.500000 2848.630000 557.510000 1611.310000 204.560000 140234.000000 3404.000000
39150.000000 14620.800000 2801.900000 2605.070000 132.880000 1659.680000 107.550000 139947.000000 3099.000000
39600.000000 15525.100000 2116.300000 2717.560000 384.340000 1677.610000 31.120000 139632.000000 2677.000000
40050.000000 16510.700000 1090.900000 3127.700000 960.170000 1641.650000 62.790000 139201.000000 1972.000000
40500.000000 17253.700000 249.200000 2881.730000 837.030000 1529.680000 69.810000 138874.000000 1312.000000
40950.000000 17781.600000 177.600000 2670.460000 412.140000 1404.610000 63.200000 138749.000000 983.000000
41400.000000 18396.600000 728.100000 2828.210000 588.030000 1350.550000 40.650000 138648.000000 750.000000
41850.000000 18792.400000 977.500000 2706.790000 239.890000 1329.200000 55.900000 138606.000000 430.000000
42300.000000 18843.800000 1127.300000 2726.110000 419.710000 1387.380000 108.560000 138870.000000 471.000000
42750.000000 18771.000000 1204.700000 2873.300000 670.480000 1538.840000 84.680000 139150.000000 526.000000
43200.000000 18576.400000 1210.400000 2678.870000 634.480000 1499.560000 155.030000 139481.000000 615.000000
43650.000000 18338.300000 1219.700000 2500.480000 590.960000 1383.800000 136.060000 139823.000000 652.000000
44100.000000 18111.000000 1300.200000 2373.640000 615.770000 1272.820000 68.740000 140159.000000 655.000000
44550.000000 17859.900000 1468.300000 2208.270000 608.080000 1191.140000 43.800000 140548.000000 681.000000
45000.000000 17611.600000 1608.100000 2065.050000 615.760000 1233.220000 46.250000 140788.000000 575.000000
45450.000000 17406.900000 1760.500000 1959.340000 604.710000 1195.800000 28.780000 140947.000000 413.000000
45900.000000 17213.000000 1890.500000 1803.610000 527.240000 1129.120000 1.520000 141141.000000 260.000000
46350.000000 17016.000000 1458.100000 1711.450000 432.120000 1118.710000 305.250000 141283.000000 556.000000
46800.000000 16758.500000 1534.000000 1655.400000 306.980000 1338.440000 285.320000 141567.000000 964.000000
47250.000000 16484.900000 1246.500000 1798.360000 538.700000 1585.590000 508.920000 141716.000000 1534.000000
47700.000000 16315.100000 360.400000 1875.230000 1384.140000 1886.540000 168.950000 141629.000000 1987.000000
48150.000000 16780.200000 902.000000 2971.800000 198.380000 2108.380000 471.140000 141356.000000 1676.000000
48600.000000 16627.600000 946.600000 2840.020000 44.750000 2446.240000 17.520000 141253.000000 1426.000000
49050.000000 16445.900000 950.500000 2712.820000 75.440000 2453.720000 153.150000 141389.000000 1662.000000
49500.000000 16277.900000 949.800000 2449.040000 41.340000 2548.550000 89.720000 141417.000000 1778.000000
49950.000000 16122.000000 337.700000 2209.330000 1313.290000 2529.590000 65.400000 141494.000000 2247.000000
50400.000000 15975.900000 1140.800000 1993.000000 1286.840000 2571.530000 24.320000 141284.000000 2263.000000
50850.000000 16994.800000 561.700000 3246.600000 6.920000 2618.780000 219.230000 140814.000000 1849.000000
51300.000000 17782.500000 101.000000 2962.440000 153.890000 2477.900000 273.840000 140461.000000 1531.000000
51750.000000 18436.300000 581.400000 2751.900000 792.830000 2277.010000 109.570000 140197.000000 1218.000000
52200.000000 18960.600000 1455.100000 3189.210000 33.740000 2196.210000 519.710000 140003.000000 1132.000000
52650.000000 18847.700000 1672.400000 3316.690000 357.710000 2791.290000 51.920000 139657.000000 851.000000
53100.000000 18654.800000 1723.600000 3268.120000 490.610000 2948.360000 275.860000 139346.000000 628.000000
53550.000000 18417.800000 1503.000000 3064.210000 19.860000 2825.220000 163.230000 139083.000000 255.000000
54000.000000 18224.100000 1586.200000 3348.190000 558.130000 2781.400000 92.050000 139340.000000 463.000000
54450.000000 17978.200000 1555.300000 3059.170000 406.550000 2738.560000 84.600000 139392.000000 756.000000
54900.000000 17703.300000 1511.000000 2804.550000 387.820000 2914.310000 305.280000 139099.000000 455.000000
55350.000000 17461.300000 1476.900000 2664.600000 310.280000 2698.480000 61.060000 138896.000000 141.000000
55800.000000 17244.100000 1424.600000 2427.740000 191.030000 2564.030000 182.220000 139078.000000 376.000000
56250.000000 17027.000000 1384.500000 2223.060000 123.860000 2843.620000 3.100000 139065.000000 507.000000
56700.000000 16823.600000 1343.900000 2021.860000 109.700000 2811.860000 108.540000 138945.000000 628.000000
57150.000000 16623.700000 1288.200000 1835.070000 721.000000 2789.780000 95.600000 138718.000000 671.000000
57600.000000 16566.300000 1363.000000 1893.660000 512.020000 2675.100000 3.100000 138450.000000 523.000000
58050.000000 16511.400000 1425.700000 1725.900000 513.960000 2572.290000 10.140000 138310.000000 516.000000
58500.000000 16439.200000 1465.400000 1739.210000 318.030000 2633.160000 126.020000 138118.000000 185.000000
58950.000000 16373.600000 1502.000000 1625.790000 264.260000 2446.740000 34.500000 138331.000000 200.000000
59400.000000 16275.100000 1496.100000 1528.910000 182.680000 2423.370000 67.900000 138536.000000 316.000000
59850.000000 16174.800000 1487.100000 1521.420000 51.410000 2326.430000 106.700000 138706.000000 687.000000
60300.000000 16066.000000 1461.800000 1406.980000 34.530000 2360.990000 62.340000 138640.000000 849.000000
60750.000000 15954.100000 1415.000000 1282.780000 35.900000 2319.690000 142.310000 138457.000000 847.000000
61200.000000 15840.200000 1372.700000 1168.700000 70.320000 2184.320000 74.780000 138264.000000 611.000000
61650.000000 15730.300000 1331.200000 1067.130000 75.870000 2076.690000 43.440000 138207.000000 1097.000000
62100.000000 15625.300000 1291.000000 974.917000 92.233000 2210.820000 135.270000 137777.000000 1139.000000
62550.000000 15523.200000 1238.600000 897.125000 898.575000 2101.840000 129.820000 137299.000000 692.000000
63000.000000 15633.500000 1399.600000 1449.210000 236.760000 1994.050000 84.400000 137123.000000 640.000000
63450.000000 15739.800000 1447.800000 1581.390000 15.050000 2084.250000 10.910000 136867.000000 286.000000
63900.000000 15842.300000 1491.900000 1553.150000 64.780000 2144.220000 46.330000 136911.000000 508.000000
64350.000000 15924.200000 1540.300000 1765.740000 276.550000 2203.200000 11.840000 136691.000000 428.000000
64800.000000 15951.100000 1538.700000 1708.560000 272.980000 2230.580000 47.330000 136565.000000 433.000000
65250.000000 15905.600000 1500.600000 1627.610000 303.070000 2220.720000 103.440000 136456.000000 571.000000
65700.000000 15850.400000 1462.700000 1616.250000 388.180000 2250.250000 42.240000 136329.000000 245.000000
66150.000000 16055.700000 1694.900000 2535.420000 1387.410000 2294.230000 28.740000 136301.000000 14.000000
66600.000000 15975.400000 1636.700000 2353.880000 1263.760000 2305.900000 34.620000 136525.000000 134.000000
67050.000000 15836.500000 1525.900000 2155.190000 1099.570000 2332.410000 92.440000 136752.000000 309.000000
67500.000000 15697.400000 1424.100000 2273.070000 1303.123000 2494.370000 125.910000 136802.000000 377.000000
67950.000000 15555.900000 1303.300000 2073.770000 1100.198000 2358.230000 101.330000 136933.000000 572.000000
68400.000000 15425.900000 1199.900000 1885.790000 1003.615000 2318.510000 60.680000 137025.000000 899.000000
68850.000000 15304.300000 1107.100000 1715.910000 905.613000 2261.560000 140.590000 136936.000000 872.000000
69300.000000 15203.300000 1016.200000 1693.420000 846.192000 2217.500000 221.550000 136882.000000 760.000000
69750.000000 15110.000000 932.700000 1548.980000 717.455000 2052.250000 132.070000 137005.000000 842.000000
70200.000000 15047.500000 795.700000 1499.980000 592.558000 1958.030000 135.490000 137121.000000 861.000000
70650.000000 14973.900000 40.600000 1527.580000 289.350000 1850.530000 20.210000 137185.000000 1091.000000
71100.000000 15041.900000 549.700000 2009.420000 314.320000 1915.770000 57.040000 137427.000000 1475.000000
71550.000000 15132.000000 586.000000 2352.680000 78.160000 1974.400000 220.930000 137708.000000 1771.000000
72000.000000 15267.900000 482.000000 2936.910000 486.760000 2053.360000 133.200000 137955.000000 1989.000000
72450.000000 15296.500000 368.100000 2910.020000 609.760000 2221.520000 106.250000 138012.000000 1452.000000
72900.000000 15362.500000 242.100000 2795.520000 454.800000 2177.070000 220.060000 138540.000000 1762.000000
73350.000000 15346.000000 270.500000 2811.270000 266.680000 2391.260000 298.740000 138743.000000 1851.000000
73800.000000 15577.100000 700.300000 3038.140000 333.360000 2550.440000 164.000000 138863.000000 2042.000000
74250.000000 15758.200000 959.900000 3196.830000 109.660000 2765.590000 76.130000 139158.000000 2262.000000
74700.000000 16090.600000 624.900000 3537.140000 327.110000 2679.530000 236.360000 139363.000000 2404.000000
75150.000000 16107.300000 545.700000 3455.830000 422.460000 2854.680000 0.050000 139427.000000 2479.000000
75600.000000 16118.400000 452.900000 3381.350000 566.360000 2911.110000 176.480000 139285.000000 2294.000000
76050.000000 16111.200000 353.700000 3145.710000 575.050000 2740.500000 134.290000 139250.000000 2366.000000
76500.000000 16030.100000 332.000000 2844.840000 472.270000 2697.050000 278.670000 139092.000000 2164.000000
76950.000000 15956.000000 313.600000 2588.660000 360.630000 2510.950000 186.520000 139010.000000 1791.000000
77400.000000 15979.400000 204.300000 2507.590000 403.710000 2354.850000 58.530000 139147.000000 1910.000000
77850.000000 15914.800000 309.800000 2462.330000 103.650000 2408.670000 80.580000 139187.000000 1907.000000
78300.000000 15942.400000 249.100000 2490.200000 211.770000 2339.900000 109.590000 139268.000000 1998.000000
78750.000000 15844.900000 293.100000 2643.880000 548.950000 2395.110000 5.850000 139348.000000 2210.000000
79200.000000 15807.500000 268.700000 2403.190000 453.130000 2394.800000 38.280000 139240.000000 2245.000000
79650.000000 15729.500000 303.700000 2193.670000 281.160000 2367.420000 75.190000 139097.000000 2168.000000
80100.000000 15674.100000 347.200000 2170.200000 122.750000 2402.980000 158.790000 138969.000000 2109.000000
80550.000000 15673.500000 352.900000 2248.380000 245.200000 2279.580000 123.110000 138876.000000 2135.000000
81000.000000 15581.900000 532.500000 2068.350000 245.900000 2247.320000 75.680000 138726.000000 2170.000000
81450.000000 15601.200000 559.100000 2292.010000 78.960000 2225.990000 104.360000 138788.000000 2387.000000
81900.000000 15631.300000 528.200000 2109.010000 157.330000 2312.090000 24.100000 138722.000000 2495.000000
82350.000000 15542.600000 600.400000 2110.910000 26.900000 2393.080000 196.710000 138615.000000 2350.000000
82800.000000 15373.000000 754.700000 1921.420000 250.640000 2259.770000 72.180000 138446.000000 2178.000000
83250.000000 15276.600000 795.800000 2176.580000 177.830000 2169.500000 4.320000 138433.000000 2448.000000
83700.000000 15135.500000 940.000000 2127.420000 103.970000 2225.950000 113.310000 138231.000000 2417.000000
84150.000000 15044.000000 977.700000 2090.880000 233.560000 2085.750000 25.210000 138125.000000 2478.000000
84600.000000 15003.100000 1019.100000 1896.590000 102.720000 2037.780000 32.480000 138073.000000 2196.000000
85050.000000 14985.400000 1545.600000 1721.230000 939.410000 2044.800000 129.160000 138388.000000 1962.000000
85500.000000 15828.200000 1208.100000 2706.510000 548.000000 1948.120000 775.320000 138770.000000 2170.000000
85950.000000 16059.000000 1404.600000 3287.360000 30.570000 2619.110000 156.330000 139137.000000 2305.000000
86400.000000 16660.300000 902.100000 3664.620000 438.820000 2732.000000 45.360000 139278.000000 2223.000000
86850.000000 16835.900000 790.400000 3850.560000 542.070000 2660.000000 124.230000 139397.000000 2253.000000
87300.000000 16911.800000 779.500000 3827.000000 467.720000 2678.800000 58.150000 139636.000000 2327.000000
87750.000000 16861.700000 763.800000 3726.600000 381.190000 2707.420000 158.350000 139940.000000 2613.000000
88200.000000 16763.700000 1481.600000 3480.540000 690.060000 2710.980000 105.530000 140169.000000 2875.000000
88650.000000 17085.000000 1321.300000 3905.390000 323.890000 2883.580000 156.510000 140372.000000 2958.000000
89100.000000 17375.800000 988.700000 3983.950000 120.380000 2782.720000 83.410000 140580.000000 3021.000000
89550.000000 17330.400000 1007.100000 3719.650000 353.980000 2875.050000 179.300000 140854.000000 3074.000000
90000.000000 17606.400000 928.800000 4075.290000 211.820000 2819.640000 303.150000 141114.000000 3188.000000
90450.000000 17339.200000 1277.000000 3694.760000 458.600000 3174.180000 92.850000 141253.000000 3088.000000
90900.000000 17169.500000 1380.200000 3926.280000 82.460000 3232.760000 66.430000 141427.000000 3017.000000
91350.000000 17093.900000 1604.400000 4065.160000 130.570000 3222.390000 124.840000 141535.000000 2898.000000
91800.000000 17093.000000 2057.400000 4088.740000 527.900000 3161.950000 64.300000 141792.000000 3038.000000
92250.000000 17164.400000 2282.900000 4544.270000 84.630000 3325.650000 45.920000 142065.000000 3112.000000
92700.000000 17281.300000 2702.000000 4965.340000 359.100000 3362.890000 241.940000 142370.000000 3754.000000
93150.000000 17246.700000 3255.100000 4877.510000 785.890000 3531.700000 116.600000 142638.000000 4235.000000
93600.000000 17669.300000 2900.700000 5127.550000 528.830000 3576.330000 298.930000 142799.000000 4380.000000
94050.000000 17620.400000 2802.900000 5159.800000 652.050000 3813.200000 313.320000 143025.000000 4622.000000
94500.000000 17641.200000 2664.100000 5205.420000 582.110000 4123.180000 17.680000 142992.000000 4528.000000
94950.000000 17541.100000 2686.900000 5410.580000 691.880000 4250.860000 162.550000 142888.000000 4221.000000
95400.000000 17711.700000 2366.200000 5743.120000 374.110000 4186.770000 113.990000 142857.000000 4197.000000
95850.000000 19095.300000 895.200000 6475.910000 40.130000 4219.500000 188.270000 141690.000000 3176.000000
96300.000000 20939.200000 983.300000 6832.120000 571.260000 4476.050000 206.930000 139782.000000 1384.000000
96750.000000 21570.500000 1494.900000 6356.310000 310.150000 4626.440000 347.610000 138951.000000 536.000000
97200.000000 23213.700000 3025.000000 6162.470000 283.290000 4457.900000 274.360000 137553.000000 862.000000
97650.000000 24055.000000 3847.800000 6067.230000 59.750000 4419.810000 260.580000 136826.000000 1617.000000
98100.000000 24401.600000 4070.500000 6010.100000 92.240000 4304.030000 83.370000 136595.000000 1638.000000
98550.000000 24290.400000 4119.600000 6012.890000 96.770000 4256.820000 35.260000 136667.000000 1326.000000
99000.000000 23975.200000 3941.000000 5782.200000 81.450000 4266.640000 15.890000 137036.000000 1028.000000
99450.000000 23694.400000 3559.600000 5863.380000 822.120000 4256.280000 537.670000 137276.000000 1256.000000
99900.000000 25318.200000 4554.900000 5921.650000 994.720000 4264.550000 658.750000 137086.000000 1834.000000
100350.000000 25827.000000 5258.700000 5699.280000 996.260000 4203.590000 594.090000 138158.000000 1803.000000
100800.000000 26926.500000 6121.200000 5653.850000 890.520000 3952.140000 1061.750000 139039.000000 1353.000000
101250.000000 27034.400000 6142.600000 5657.870000 1172.580000 4271.320000 1033.700000 140238.000000 448.000000
101700.000000 27127.400000 6304.100000 5383.680000 1221.490000 4642.890000 440.850000 141022.000000 351.000000
102150.000000 27549.300000 7056.900000 5662.910000 862.650000 4414.600000 1020.220000 141894.000000 216.000000
102600.000000 27898.700000 7713.400000 5687.320000 500.900000 4443.640000 1114.420000 142675.000000 1047.000000
103050.000000 28041.000000 8989.900000 5410.590000 748.330000 5200.780000 262.810000 142722.000000 910.000000
103500.000000 26960.900000 8913.500000 5071.830000 895.100000 5736.200000 284.610000 142765.000000 927.000000
103950.000000 24824.600000 7830.700000 4962.150000 875.890000 5802.780000 210.560000 143547.000000 1886.000000
104400.000000 22858.500000 6542.100000 4843.130000 1231.330000 5575.500000 85.090000 144266.000000 2928.000000
104850.000000 21073.100000 5418.500000 5120.020000 817.000000 5907.750000 461.460000 144614.000000 3428.000000
105300.000000 19507.000000 4297.200000 5066.020000 779.730000 5713.080000 231.350000 144976.000000 4180.000000
105750.000000 18626.200000 4006.400000 5088.320000 789.260000 5682.870000 386.220000 144646.000000 4165.000000
106200.000000 18082.100000 3575.000000 5180.880000 1011.050000 5423.180000 323.600000 144242.000000 4017.000000
106650.000000 18616.200000 4355.000000 5237.300000 1247.880000 5298.460000 244.600000 142618.000000 2494.000000
107100.000000 19136.600000 4955.000000 5704.570000 937.280000 5104.620000 11.140000 141804.000000 1154.000000
107550.000000 20234.300000 6414.800000 5715.210000 865.260000 5146.560000 531.360000 140197.000000 642.000000
108000.000000 21215.600000 7394.700000 5684.890000 648.380000 5012.500000 507.420000 139953.000000 894.000000
108450.000000 21383.900000 8003.400000 5707.500000 561.670000 5013.350000 843.530000 140228.000000 525.000000
108900.000000 22663.100000 9317.500000 5274.250000 1108.200000 5433.110000 260.850000 139051.000000 1528.000000
109350.000000 21988.900000 9049.200000 5043.520000 1516.610000 5868.700000 437.710000 139290.000000 1363.000000
109800.000000 21210.100000 8671.700000 5129.470000 1148.380000 5659.330000 120.580000 139724.000000 627.000000
110250.000000 20674.600000 8697.600000 5273.630000 767.230000 5574.000000 420.750000 139707.000000 469.000000
110700.000000 19955.700000 7938.800000 5062.660000 1288.890000 5402.200000 528.310000 139719.000000 232.000000
111150.000000 19114.900000 7434.100000 5030.200000 1025.630000 5105.380000 499.220000 139936.000000 92.000000
111600.000000 18440.200000 6303.400000 4885.380000 2530.230000 4880.640000 527.710000 140050.000000 530.000000
112050.000000 18442.200000 6627.900000 4856.340000 2638.900000 4809.780000 671.550000 140659.000000 2491.000000
112500.000000 19087.200000 7602.100000 5202.610000 2055.510000 5005.200000 522.270000 140671.000000 3530.000000
112950.000000 18666.700000 7208.300000 5075.840000 2570.110000 5109.880000 925.470000 139669.000000 3607.000000
113400.000000 18480.100000 7160.300000 5411.060000 1990.120000 5360.490000 657.530000 139156.000000 3961.000000
113850.000000 17653.400000 6599.100000 5057.750000 2040.560000 6209.340000 96.830000 138480.000000 4138.000000
114300.000000 16581.100000 5413.700000 4962.380000 2025.640000 6446.710000 672.470000 137901.000000 4210.000000
114750.000000 16140.100000 5030.400000 5146.140000 1419.640000 6439.040000 787.830000 137066.000000 3913.000000
115200.000000 15695.700000 4208.500000 4866.730000 1518.360000 6150.430000 76.920000 136244.000000 4076.000000
115650.000000 15672.600000 3921.300000 4860.550000 1100.130000 6460.890000 203.850000 135134.000000 4158.000000
116100.000000 15446.600000 3375.000000 4509.800000 1265.310000 6641.500000 414.190000 133810.000000 3852.000000
116550.000000 15248.600000 2886.200000 4266.620000 1224.330000 6533.050000 423.890000 132787.000000 3819.000000
117000.000000 15060.500000 2464.200000 3979.960000 1082.450000 6372.950000 478.530000 131925.000000 3716.000000
117450.000000 14871.600000 2061.000000 3633.560000 1235.740000 6277.250000 319.720000 131119.000000 3585.000000
117900.000000 14741.000000 1727.900000 3385.210000 1306.500000 6286.030000 411.100000 130461.000000 3473.000000
118350.000000 14595.600000 1391.800000 3126.480000 1312.360000 6199.120000 237.180000 129867.000000 3535.000000
118800.000000 14347.200000 944.900000 2859.840000 1309.860000 6145.310000 380.120000 129408.000000 3568.000000
119250.000000 14098.100000 62.200000 2689.750000 1851.860000 6088.580000 227.100000 128910.000000 3215.000000
119700.000000 13873.800000 1169.900000 2448.580000 2295.150000 6071.420000 436.300000 128206.000000 2149.000000
120150.000000 14320.200000 1017.200000 3166.220000 1372.730000 5718.280000 158.340000 129000.000000 2535.000000
120600.000000 14748.600000 547.900000 3380.200000 1207.860000 5527.050000 970.770000 129660.000000 3417.000000
121050.000000 14818.800000 423.500000 3474.280000 854.240000 6409.150000 115.800000 129509.000000 3681.000000
121500.000000 14671.000000 467.400000 3220.950000 981.880000 6698.930000 362.610000 129087.000000 3168.000000
121950.000000 14506.000000 512.900000 2937.760000 1192.800000 6462.140000 393.590000 128701.000000 3253.000000
122400.000000 14393.400000 692.000000 2738.180000 1565.660000 6849.230000 53.560000 128348.000000 3242.000000
122850.000000 14214.500000 809.200000 2616.660000 1517.390000 6797.000000 106.330000 128353.000000 3433.000000
123300.000000 14030.600000 1057.800000 2516.500000 1699.450000 6747.900000 90.960000 128298.000000 3437.000000
123750.000000 13866.700000 1448.100000 2397.250000 2386.620000 6901.610000 68.840000 128119.000000 3133.000000
124200.000000 13903.100000 1391.500000 2460.920000 2206.480000 7109.650000 52.130000 128073.000000 3171.000000
124650.000000 13916.200000 1561.400000 2528.330000 2097.010000 7248.190000 307.230000 127812.000000 3152.000000
125100.000000 14152.400000 1394.700000 2626.800000 2057.060000 7034.870000 213.990000 127579.000000 3071.000000
125550.000000 14433.400000 1132.100000 2956.820000 1742.480000 6931.780000 361.750000 127310.000000 3054.000000
126000.000000 14492.700000 943.000000 3030.130000 1399.490000 6777.100000 319.300000 126964.000000 3021.000000
126450.000000 14485.000000 878.800000 3082.620000 1345.420000 6539.090000 320.660000 126415.000000 2743.000000
126900.000000 14603.200000 734.100000 2813.360000 1591.230000 6395.780000 242.580000 125883.000000 2443.000000
127350.000000 14671.700000 806.200000 3152.020000 953.700000 6135.800000 224.760000 125596.000000 2373.000000
127800.000000 14635.500000 1151.400000 2909.820000 1000.280000 6091.020000 325.940000 125453.000000 2482.000000
128250.000000 14557.200000 1845.400000 2665.040000 1671.070000 5964.220000 240.610000 125145.000000 2245.000000
128700.000000 14634.300000 2023.200000 2509.540000 1659.380000 5922.200000 176.590000 125189.000000 2392.000000
129150.000000 14519.000000 2231.300000 2410.680000 1706.710000 5933.780000 2.130000 125364.000000 2580.000000
129600.000000 14546.600000 2634.600000 2642.710000 1671.700000 5745.600000 239.690000 125737.000000 2973.000000
130050.000000 14519.000000 2660.300000 2688.540000 1512.650000 6092.140000 40.530000 125877.000000 3194.000000
130500.000000 14381.200000 2793.200000 2667.690000 1500.700000 6045.830000 104.510000 125946.000000 2944.000000
130950.000000 14572.000000 2601.200000 2642.020000 1371.260000 5963.440000 284.000000 125925.000000 2517.000000
131400.000000 14403.000000 2733.900000 2556.220000 1244.460000 5735.100000 88.820000 126398.000000 2886.000000
131850.000000 14238.900000 2842.500000 2440.100000 2311.410000 5574.390000 57.560000 126834.000000 3023.000000
132300.000000 14088.500000 2668.400000 2303.990000 2424.350000 5513.050000 231.270000 127102.000000 3121.000000
132750.000000 13815.000000 2578.900000 3298.590000 1613.200000 5656.950000 22.550000 127306.000000 3266.000000
133200.000000 13584.300000 2592.500000 3326.730000 1549.280000 5494.650000 152.570000 127485.000000 3053.000000
133650.000000 13356.900000 2587.400000 3570.660000 1299.050000 5329.590000 114.870000 127941.000000 3077.000000
134100.000000 13295.400000 2752.700000 3743.590000 1727.140000 5176.530000 9.730000 128452.000000 3076.000000
134550.000000 14654.400000 1091.600000 4877.130000 311.820000 5100.970000 200.390000 127988.000000 2280.000000
135000.000000 15604.900000 242.100000 4511.620000 462.620000 4951.380000 325.390000 127464.000000 1621.000000
135450.000000 15486.400000 647.800000 4449.460000 469.830000 5209.740000 12.360000 127658.000000 1494.000000
135900.000000 14961.100000 397.800000 4267.210000 698.940000 5203.970000 178.460000 127958.000000 1694.000000
136350.000000 14352.700000 32.000000 4457.490000 408.450000 5395.070000 55.730000 128078.000000 1822.000000
136800.000000 13832.200000 267.000000 4433.640000 273.810000 5426.860000 213.530000 128328.000000 2104.000000
137250.000000 13370.400000 411.800000 4382.880000 87.530000 5416.380000 307.030000 128520.000000 2299.000000
137700.000000 12791.500000 618.100000 4042.490000 90.190000 5286.640000 445.660000 128503.000000 2283.000000
138150.000000 12408.700000 549.200000 3950.840000 66.160000 4876.370000 77.310000 128640.000000 2198.000000
138600.000000 11992.100000 608.100000 3674.960000 69.900000 4806.640000 73.150000 128952.000000 2165.000000
139050.000000 11614.200000 600.700000 3460.760000 150.450000 4867.770000 179.120000 129292.000000 2251.000000
139500.000000 11305.100000 1278.000000 3406.080000 337.750000 4734.600000 6.250000 129527.000000 2262.000000
139950.000000 11041.400000 1973.100000 3136.180000 606.670000 4777.040000 149.350000 129665.000000 2092.000000
140400.000000 11520.700000 1614.400000 3482.260000 2.930000 4705.430000 0.330000 129807.000000 2169.000000
140850.000000 12049.900000 1101.600000 3585.630000 324.250000 4647.290000 151.590000 129823.000000 2082.000000
141300.000000 12271.900000 1443.500000 3247.370000 705.620000 4545.460000 284.500000 129675.000000 1855.000000
141750.000000 12588.800000 1436.600000 3262.230000 411.660000 4389.810000 250.870000 129922.000000 1826.000000
142200.000000 12987.000000 1069.800000 3200.610000 209.880000 4197.130000 52.420000 130160.000000 1855.000000
142650.000000 13212.300000 919.800000 2994.450000 487.080000 4223.520000 46.110000 130206.000000 1519.000000
143100.000000 13439.700000 664.500000 2925.100000 551.230000 4174.270000 734.080000 130570.000000 2011.000000
143550.000000 13655.000000 315.800000 2896.890000 589.150000 4637.740000 483.630000 130533.000000 2522.000000
144000.000000 13737.600000 58.100000 2911.500000 481.540000 5296.070000 245.490000 129699.000000 2006.000000
144450.000000 13648.000000 173.500000 2685.650000 596.070000 5213.860000 123.740000 128936.000000 1875.000000
144900.000000 13534.200000 293.600000 2460.790000 632.070000 5318.370000 367.920000 128598.000000 1938.000000
145350.000000 13397.800000 263.500000 2250.710000 593.160000 5085.340000 177.650000 128095.000000 1858.000000
145800.000000 13262.400000 213.600000 2041.240000 697.390000 4999.200000 160.370000 127646.000000 1830.000000
146250.000000 13108.000000 266.400000 1851.710000 941.950000 4892.380000 85.410000 127217.000000 1310.000000
146700.000000 12962.900000 226.500000 1760.240000 844.430000 4944.340000 281.300000 127022.000000 1353.000000
147150.000000 12822.500000 238.400000 1762.020000 735.220000 5161.210000 26.530000 126799.000000 1346.000000
147600.000000 12683.500000 560.000000 1597.620000 1193.160000 5314.990000 134.970000 126485.000000 1211.000000
148050.000000 12253.600000 1064.100000 1535.760000 988.830000 5224.590000 44.430000 125671.000000 884.000000
148500.000000 12509.700000 921.000000 1653.780000 1028.060000 5166.130000 69.500000 125259.000000 404.000000
148950.000000 12822.100000 664.300000 1608.000000 855.090000 5083.020000 54.320000 125217.000000 504.000000
149400.000000 13022.500000 576.800000 1466.100000 1076.410000 5071.220000 149.700000 125072.000000 279.000000
149850.000000 13254.300000 427.800000 1379.190000 994.710000 4955.590000 11.980000 125064.000000 205.000000
