18000 10824 1601 2737.7 137548
18450 10787.7 401.1 1463.3 138212
18900 12393 4748 1457.7 138345
19350 11725.8 796.5 1038.5 139565
19800 10813.5 281.5 2192.1 139083
20250 11032 923.7 1676.5 141084
20700 10884.4 593.5 2602.3 139963
21150 11214.9 1272 1572 140880
21600 11738.7 2417.9 4109.7 140155
22050 11061.5 1863.7 1808.9 142028
22500 12740.5 263.4 3934.1 138937
22950 13026.3 1503.7 3487.5 138604
23400 12693.8 181.7 3495.5 136324
23850 12683.2 828 684.7 137527
24300 12677.1 161.5 2033.5 136136
24750 12657.6 160.3 968.3 136259
25200 13873.6 1784.2 1562.9 135876
25650 12640 663.8 3942.7 134565
26100 12626 622.6 2491.3 132856
26550 12780.4 2946.4 1541.8 136972
27000 12708.2 516.8 634.6 138055
27450 12667.2 669.4 1622.2 137534
27900 12666.2 623.6 1658.7 137991
28350 15812.7 12029.8 457.5 141009
28800 15058.9 257 403.3 141920
29250 13807.1 1014.7 1400.7 142634
29700 13745.7 890.5 1377.5 142780
30150 13679.8 347.5 1075.7 142927
30600 13763.1 380.2 718.2 143188
31050 13682.6 271 486.2 143032
31500 13616.9 169.5 6532.3 136612
31950 25400.8 13396.9 1866.6 136266
32400 23117.4 319.7 881.1 137726
32850 18430.3 512.8 2250.2 140480
33300 13615 681.5 8001.9 137568
33750 13586.7 138.7 1637.7 136470
34200 13677.9 444.7 861.2 136304
34650 13664.3 718.1 1948.3 136679
35100 15664.1 25.3 858.4 135731
35550 15586.2 146 1288.8 135647
36000 15162.8 810 1003.7 136813
36450 13861 485.8 1846.3 137158
36900 13649.3 217.5 1263.3 137029
37350 13645.8 391.5 1343.6 138589
37800 26291.5 16260.8 1862.5 132374
38250 24354.5 647.4 606.6 133978
38700 19864.8 1969.7 3113.3 136174
39150 20831.5 4101.8 1329.4 137009
39600 19609.9 1082.5 1182.3 137912
40050 17243 676.3 410 139699
40500 16614.8 939.2 389 140559
40950 18514.6 4180.9 1539.2 139599
41400 18248.7 2077 701.7 139090
41850 19131.9 4507.3 1330.2 140678
42300 16830.9 861.9 2493.5 140406
42750 16214.5 1270.6 1078.2 140650
43200 15563.6 618.5 357.8 141038
43650 14892.2 695.7 376.7 141916
44100 14040 393 811.1 142503
44550 12619.5 181.1 1512.7 143133
45000 12510.1 91.2 755.2 143330
45450 12433.2 502.7 987.5 143419
45900 12406.5 572 803.2 144009
46350 17676.7 9948.4 4063.8 139342
46800 12223.7 331.7 3422 139483
47250 15363.8 5709.1 6331.3 136397
47700 22401.3 11560.2 1704.3 134779
48150 15190.2 2367.5 7295.8 140022
48600 13905.5 316.1 1071.5 141150
49050 13825.4 410.8 4210.2 138825
49500 13822.8 340.6 2920.9 138845
49950 26644 13556.9 897.5 135726
50400 23029.3 1094.8 3780.7 136983
50850 21514.7 3016.7 632.9 138466
51300 20826.8 1881.6 444.6 138615
51750 17597.2 7400.3 4029.3 139421
52200 14360.8 326.9 5680 137894
52650 14204 583.3 2950.4 138222
53100 14733.7 1144.3 2070.7 137925
53550 16767.4 5843.1 2567.4 139814
54000 14146 144 2935.6 139324
54450 14487.6 1415.6 4027.4 136464
54900 14117 293.7 681.9 138716
55350 14113.1 1792.7 2892.9 139754
55800 14335.4 1178.2 3725.7 138223
56250 14050 861.6 3689 137266
56700 14013.8 228.8 1468.5 136147
57150 14037.7 8351.3 2611.9 135616
57600 14013.9 1052.1 2472.4 136843
58050 14027.6 747.5 1573.5 136605
58500 13966.1 413.7 2012 139176
58950 13952.1 385.3 2248.2 139914
59400 13945.1 105.5 1223.5 139025
59850 13866.7 324 3132.1 136211
60300 13852.5 259.6 1088.3 135739
60750 13953 213.2 1086 135978
61200 13823.4 522.1 1499 138042
61650 13783.5 278.8 2215.4 132219
62100 13750.7 384.5 1674.3 132394
62550 13838 8352.7 1040.3 136331
63000 13776.9 698.4 3036.3 135363
63450 14814.8 790.6 2245.5 137466
63900 14876.3 1811.4 3049.1 134797
64350 14685.4 330.5 2435.5 135002
64800 14669 953.1 1897.1 134953
65250 14337.9 325.2 3592.3 133666
65700 14232.7 359.8 2007.5 137870
66150 14118.7 427.5 2597.3 138112
66600 14139.6 569.1 2498.5 137332
67050 14057.4 745.1 3183.8 136914
67500 13937.7 198.9 1860.9 136259
67950 14066.8 1006.2 1252.9 135784
68400 13986.3 59.6 2266.2 134014
68850 13938.2 163.4 889.2 135500
69300 14095.8 1179.6 870.8 136648
69750 14089.1 690.2 1238.2 136529
70200 14922.6 1590.5 943.8 137135
70650 21066.9 10002.5 2304.6 134599
71100 21516.2 6885 2891.4 134677
71550 16855.4 3394.8 4198 135797
72000 16037.5 2623.9 2107.6 136227
72450 14896.2 951.3 1473.7 141909
72900 15064.4 2704.8 4933.9 138737
73350 15724.4 4379.4 5325.8 137923
73800 22224.8 10813.7 2934.4 136184
74250 20684.5 2721.4 2464.6 137566
74700 16692.8 2341.9 4953.8 137532
75150 16090 1443.4 2303.3 136842
75600 15836 849.6 1654.6 137384
76050 15507.5 371.7 1450.4 135917
76500 15436.8 589.8 728 137326
76950 15437 927.1 1478.8 139838
77400 15410.5 986.6 3214 137396
77850 16592.9 4651.8 1560.4 137671
78300 15893.3 1556.2 3542.1 137178
78750 15656.6 443.4 1964.2 135947
79200 15519.7 646.3 1956.6 135710
79650 15646.1 1574.5 1713.6 136331
80100 15914.3 3261.9 1811.8 136242
80550 16072.4 1604.8 1367 135667
81000 16906.2 5113.9 3821.8 134893
81450 16574 2881.4 2396.5 135004
81900 16152 1324.7 2388.7 134662
82350 15995 981 938 136605
82800 15989.2 2480.3 2108.6 136297
83250 15575.1 439 2049.9 133441
83700 16103.1 2245.7 1562 134275
84150 15537.4 362.2 2095.8 134139
84600 16027.5 1222.8 1054.4 137949
85050 21110 10461.6 3691.9 141364
85500 21583.4 8599.3 7668.8 138171
85950 21309.8 3888.7 3243.4 138921
86400 18451 2396.7 1887.4 139057
86850 18201.5 4052.7 3662.6 137945
87300 18276.9 3816.4 2311.4 138799
87750 17033.2 3220.5 4025.2 137490
88200 23823.4 11597.3 2373.1 136993
88650 19854.9 4757.4 5052.3 138492
89100 17988.7 572.2 1300.5 138870
89550 18094.2 5964.2 4748.4 139764
90000 20315 6208.4 3738.7 139240
90450 19345 2949.6 2708.2 140320
90900 17951.3 2707.2 3931.3 140613
91350 20035.2 5878.6 2478.6 140679
91800 23219.3 8404.9 4384.5 139810
92250 22119.4 4739.2 4679.5 140747
92700 24807.7 11584.3 5704.1 135576
93150 25168.1 8714 4039.6 136490
93600 21183.9 5593.2 5917.9 138559
94050 19103 7211.1 6387.8 138260
94500 19243 5568.7 4269.9 139017
94950 19532.5 8936.8 3615.4 140492
95400 18727.1 6250.2 6212.8 138593
95850 19203.4 9302.7 5370.9 137203
96300 19645.3 4686.6 3021.2 137351
96750 21152.1 4113.8 4366.3 138571
97200 21207.2 4376.4 3325.9 138414
97650 20373.9 7162.2 3940.4 138694
98100 21445.7 5111.3 4773.6 136340
98550 18728.6 5900.4 4229.6 135840
99000 18804.8 5391.4 4831.3 138705
99450 21040.3 14082.2 9396.7 142738
99900 26419.4 8994.2 6087.5 142414
100350 18813.6 4708.1 3667.1 149326
100800 22937.6 5183.8 6959.7 144275
101250 21671.2 9405.2 7925.2 143333
101700 20206.2 4577.6 3092.3 147558
102150 17514.6 5809.1 8594.5 144420
102600 17420.9 3152.2 6667.2 141174
103050 8844 5895.2 4613.4 143472
103500 9014 4239 5343.6 142068
103950 7512.6 4678 6857.9 140067
104400 10218.8 8202.3 6275.9 138434
104850 9697.7 4700 3517.6 139814
105300 11207.3 5024.3 5800.7 137294
105750 9309.5 6164.1 3630.9 137643
106200 13493.2 9021.1 3326 137922
106650 12047.5 9124.4 4642.3 139209
107100 13465.1 8051.9 5672.9 145388
107550 10561.1 6028 10737.4 142537
108000 13833.5 4108.5 4097.9 140918
108450 9416.9 5692.3 8889.5 139914
108900 13030.9 7401.9 4227.7 139005
109350 9287.4 8159.3 3064.2 141324
109800 8925.9 3737.3 6508.6 137630
110250 6924.7 3908 1683.8 138604
110700 12376 9147.7 2359.6 137928
111150 8656.2 3394.4 2196.6 138881
111600 16241 19653.6 12628.1 136600
112050 8911.1 8211.9 6138.1 125999
112500 8523.1 5124.1 5942.8 127901
112950 11218 11136.4 10606.2 126351
113400 10071.6 5198.2 5862.1 127388
113850 8665.7 4372.5 6962.9 126671
114300 12184.5 5995.4 2729.8 127826
114750 10591.1 2765.6 4543.9 128316
115200 14884.5 4758.9 9874.3 123298
115650 14128.4 2141 7908.8 120255
116100 14953.9 4105 5959.7 120793
116550 14979.4 2933.5 5045.8 120057
117000 14701.2 1205.5 3961.8 121381
117450 14739.6 3131.4 6525.5 121461
117900 14836.1 3093.4 5131.5 122068
118350 14919.9 2163 6745.1 120431
118800 15188.2 1747.4 3994.4 121410
119250 19739.1 7888.8 6728.1 124392
119700 24113.2 6562.8 3597.9 129312
120150 17981.4 2695.9 8050.1 130139
120600 14927.8 5030.1 12088.6 124245
121050 14755.2 1992.7 6769.1 122090
121500 14202.6 3071.6 4638.7 126737
121950 13943.7 3480.1 11530.4 121210
122400 15684.2 5863.4 6255.1 122027
122850 14467.7 2605.9 5745.7 123245
123300 15671.2 4953.1 8172.6 124332
123750 17351.8 9895.1 8154.7 126109
124200 15113.5 3619.2 8883.8 124147
124650 17124.5 4246.8 4953.6 122482
125100 16172.6 5210.5 5740.1 123141
125550 15731.3 4838.3 4312.4 121987
126000 14267.4 2002.5 5447.7 121129
126450 14716.6 4413.8 4064.1 121233
126900 15098.3 4193.5 5566.2 121355
127350 16743.8 1415.9 3731.6 121266
127800 18567.5 2149.5 4451.4 120700
128250 21944.3 8170.2 5350.4 122267
128700 18951.1 2664.2 5943.6 121868
129150 17585.6 3653.7 7648.6 122667
129600 21059.6 6087.6 6429.7 122587
130050 17162.5 3182.2 6648.5 121949
130500 17130.3 3873.2 4948.7 125874
130950 17162.6 2617.3 3322.5 127061
131400 16809.3 1887.2 5347.9 124449
131850 16582.8 13309 4351.8 126498
132300 13835.7 4519.8 7791.7 125518
132750 13126.9 6562.9 4645.1 124566
133200 14223.4 4554 2711.2 127958
133650 13851.5 4813 4068.5 128760
134100 16982.3 10879.9 4735.5 129978
134550 13027.3 2652.9 6512.4 128701
135000 11913.6 3041.9 5055.5 127058
135450 10120.6 4424.7 4482.8 129052
135900 12086.4 5387.9 7047.9 127160
136350 12136.6 3964 4951.5 126184
136800 12106.1 3281.1 4079.3 125943
137250 10929.1 2337 4173.5 126187
137700 10056.7 1093.1 2425.7 126216
138150 8892.4 1652.7 4421.7 128436
138600 9380.9 2486.5 4143.4 129898
139050 8746.8 2408.4 4285.1 129322
139500 15896.8 4937.4 5210.6 129280
139950 16897.3 3734 3609.3 130344
140400 14220.2 1166.3 5408.4 128229
140850 13299 1247 2605.1 128660
141300 18791 10177.5 2148.3 128531
141750 16815.5 1162 3040.8 130582
142200 14338.9 1039.9 4196.6 130187
142650 14810.5 4120.9 5393.9 132121
143100 13853.1 3429.5 10656.9 127412
143550 12770 3573.4 7038.5 123080
144000 12219.9 2556.1 4413.5 124825
144450 14053.4 2279.8 7920.8 121380
144900 13884.9 1393.1 1466.1 123044
145350 12162.6 603 4522.8 122432
145800 11808.6 1791.5 4219.1 122027
146250 12459.3 3288.9 6228.4 126725
146700 11524.5 903.8 7456.3 123529
147150 11904.8 1530.3 4316.1 123505
147600 14886.7 5432.7 5588 123666
148050 13986 128.9 5181.5 120405
148500 14446.9 4097 4344.8 125462
148950 13987.6 494.4 5503.8 123437
149400 14615.6 3257.3 2979.1 125517
149850 14427.6 856.4 5382 125451
