18000 46
18450 46
18900 46
19350 46
19800 45
20250 45
20700 44
21150 44
21600 44
22050 44
22500 44
22950 49
23401 51
23850 51
24301 53
24750 53
25200 53
25650 53
26100 57
26550 57
27000 56
27450 55
27902 55
28351 55
28800 71
29250 71
29700 71
30150 71
30600 71
31050 72
31500 73
31950 75
32400 76
32850 78
33300 79
33750 88
34200 94
34650 94
35100 94
35551 95
36000 96
36451 96
36900 96
37350 97
37800 97
38250 98
38700 98
39150 102
39600 105
40050 105
40500 107
40950 110
41400 114
41850 117
42300 134
42750 146
43200 154
43650 157
44100 159
44550 160
45000 163
45450 164
45900 166
46350 168
46800 178
47250 185
47700 195
48150 192
48600 195
49050 194
49500 193
49951 192
50400 192
50850 189
51300 189
51750 190
52201 217
52650 220
53100 222
53550 221
54000 218
54450 219
54900 219
55350 218
55800 217
56250 216
56700 216
57150 216
57600 224
58050 223
58500 222
58950 220
59400 219
59850 218
60300 218
60750 218
61200 218
61654 218
62100 217
62550 217
63000 235
63450 233
63900 232
64350 231
64800 230
65250 230
65700 229
66150 227
66600 226
67050 225
67500 224
67950 224
68400 223
68850 223
69300 222
69750 222
70200 221
70650 220
71100 217
71550 215
72000 213
72450 212
72900 211
73350 210
73801 209
74250 206
74700 205
75150 205
75600 204
76050 204
76500 205
76950 205
77400 204
77850 203
78300 202
78750 201
79200 201
79650 200
80100 200
80550 199
81000 199
81451 198
81900 198
82350 197
82800 197
83250 196
83700 195
84150 195
84600 194
85050 193
85500 191
85950 190
86400 189
86850 189
87300 189
87750 190
88200 192
88650 193
89100 192
89550 193
90000 192
90450 195
90900 194
91350 194
91800 193
92250 192
92700 191
93150 191
93600 190
94050 185
94500 182
94950 178
95401 174
95850 172
96300 171
96750 172
97201 169
97651 167
98101 163
98551 174
99000 189
99450 181
99901 176
100350 171
100800 166
101250 161
101701 158
102150 155
102601 153
103050 155
103500 208
103951 210
104400 206
104850 202
105300 197
105750 192
106200 187
106650 182
107101 181
107550 179
108000 176
108450 176
108900 176
109350 177
109800 173
110250 170
110700 167
111150 163
111600 160
112050 156
112500 154
112951 156
113400 155
113850 158
114301 157
114750 157
115200 157
115650 157
116100 157
116550 157
117000 157
117450 157
117900 157
118350 156
118802 158
119250 158
119700 158
120150 157
120600 157
121050 157
121500 157
121950 158
122400 158
122850 158
123300 158
123750 157
124200 159
124650 158
125100 158
125550 158
126000 157
126450 157
126900 157
127350 157
127800 157
128250 157
128701 157
129150 156
129600 156
130050 156
130500 156
130950 156
131400 156
131850 156
132300 156
132750 157
133200 157
133650 157
134100 157
134550 156
135000 157
135450 158
135900 158
136350 159
136800 158
137250 158
137700 158
138152 158
138600 158
139050 158
139500 157
139950 157
140400 157
140850 157
141300 157
141750 157
142200 156
142650 156
143100 156
143550 156
144000 157
144450 157
144901 157
145350 157
145800 157
146250 158
146700 158
147150 158
147600 158
148051 158
148500 161
148950 161
149400 161
149851 160

