18000 10824 1601 2737.7 137548
18450 10820.4 1481.01 2610.26 137614
18900 10977.6 1807.71 2495 137687
19350 11052.4 1706.59 2349.35 137875
19800 11028.6 1564.08 2333.63 137996
20250 11028.9 1500.04 2267.92 138305
20700 11014.4 1409.39 2301.35 138471
21150 11034.5 1395.65 2228.42 138712
21600 11104.9 1497.87 2416.55 138856
22050 11100.6 1534.46 2355.78 139173
22500 11264.6 1407.35 2513.61 139149
22950 11440.7 1416.99 2611 139095
23400 11566 1293.46 2699.45 138818
23850 11677.8 1246.91 2497.98 138689
24300 11777.7 1138.37 2451.53 138433
24750 11865.7 1040.56 2303.21 138216
25200 12066.5 1114.93 2229.18 137982
25650 12123.8 1069.81 2400.53 137640
26100 12174 1025.09 2409.61 137162
26550 12234.7 1217.22 2322.82 137143
27000 12282 1147.18 2154 137234
27450 12320.6 1099.4 2100.82 137264
27900 12355.1 1051.82 2056.61 137337
28350 12700.9 2149.62 1896.7 137704
28800 12936.7 1960.36 1747.36 138126
29250 13023.7 1865.79 1712.69 138576
29700 13095.9 1768.26 1679.17 138997
30150 13154.3 1626.19 1618.83 139390
30600 13215.2 1501.59 1528.76 139770
31050 13261.9 1378.53 1424.51 140096
31500 13297.4 1257.63 1935.29 139747
31950 14507.8 2471.55 1928.42 139399
32400 15368.7 2256.37 1823.69 139232
32850 15674.9 2082.01 1866.34 139357
33300 15468.9 1941.96 2479.89 139178
33750 15280.7 1761.63 2395.67 138907
34200 15120.4 1629.94 2242.23 138647
34650 14974.8 1538.76 2212.83 138450
35100 15043.7 1387.41 2077.39 138178
35550 15098 1263.27 1998.53 137925
36000 15104.5 1217.94 1899.05 137814
36450 14980.1 1144.73 1893.77 137748
36900 14847 1052.01 1830.73 137676
37350 14726.9 985.955 1782.01 137768
37800 15883.4 2513.44 1790.06 137228
38250 16730.5 2326.84 1671.72 136903
38700 17043.9 2291.12 1815.87 136830
39150 17422.7 2472.19 1767.23 136848
39600 17641.4 2333.22 1708.73 136955
40050 17601.6 2167.53 1578.86 137229
40500 17502.9 2044.7 1459.87 137562
40950 17604 2258.32 1467.81 137766
41400 17668.5 2240.18 1391.2 137898
41850 17814.9 2466.9 1385.1 138176
42300 17716.5 2306.4 1495.94 138399
42750 17566.3 2202.82 1454.16 138624
43200 17366 2044.39 1344.53 138866
43650 17118.6 1909.52 1247.74 139171
44100 16810.8 1757.87 1204.08 139504
44550 16391.6 1600.19 1234.94 139867
45000 16003.5 1449.29 1186.97 140213
45450 15646.4 1354.63 1167.02 140534
45900 15322.5 1276.37 1130.64 140881
46350 15557.9 2143.57 1423.96 140727
46800 15224.5 1962.38 1623.76 140603
47250 15238.4 2337.06 2094.51 140182
47700 15954.7 3259.37 2055.49 139642
48150 15878.2 3170.18 2579.52 139680
48600 15681 2884.77 2428.72 139827
49050 15495.4 2637.38 2606.87 139727
49500 15328.1 2407.7 2638.27 139639
49950 16459.7 3522.62 2464.19 139247
50400 17116.7 3279.84 2595.85 139021
50850 17556.5 3253.52 2399.55 138965
51300 17883.5 3116.33 2204.06 138930
51750 17854.9 3544.73 2386.58 138979
52200 17505.5 3222.95 2715.92 138871
52650 17175.3 2958.98 2739.37 138806
53100 16931.2 2777.51 2672.5 138718
53550 16914.8 3084.07 2661.99 138828
54000 16637.9 2790.06 2689.35 138877
54450 16422.9 2652.62 2823.16 138636
54900 16192.3 2416.73 2609.03 138644
55350 15984.4 2354.32 2637.42 138755
55800 15819.5 2236.71 2746.25 138702
56250 15642.5 2099.2 2840.52 138558
56700 15479.7 1912.16 2703.32 138317
57150 15335.5 2556.07 2694.18 138047
57600 15203.3 2405.68 2672 137927
58050 15085.7 2239.86 2562.15 137794
58500 14973.8 2057.24 2507.14 137933
58950 14871.6 1890.05 2481.24 138131
59400 14779 1711.59 2355.47 138220
59850 14687.7 1572.83 2433.13 138019
60300 14604.2 1441.51 2298.65 137791
60750 14539.1 1318.68 2177.38 137610
61200 14467.5 1239.02 2109.54 137653
61650 14399.1 1143 2120.13 137110
62100 14334.3 1067.15 2075.55 136638
62550 14284.6 1795.7 1972.02 136607
63000 14233.9 1685.97 2078.45 136483
63450 14292 1596.44 2095.16 136581
63900 14350.4 1617.93 2190.55 136403
64350 14383.9 1489.19 2215.04 136263
64800 14412.4 1435.58 2183.25 136132
65250 14405 1324.54 2324.16 135885
65700 14387.7 1228.07 2292.49 136084
66150 14360.8 1148.01 2322.97 136287
66600 14338.7 1090.12 2340.52 136391
67050 14310.6 1055.62 2424.85 136443
67500 14273.3 969.947 2368.46 136425
67950 14252.6 973.572 2256.9 136361
68400 14226 882.175 2257.83 136126
68850 14197.2 810.297 2120.97 136064
69300 14187.1 847.228 1995.95 136122
69750 14177.3 831.525 1920.18 136163
70200 14251.8 907.422 1822.54 136260
70650 14933.3 1816.93 1870.74 136094
71100 15591.6 2323.74 1972.81 135952
71550 15718 2430.84 2195.33 135937
72000 15749.9 2450.15 2186.56 135966
72450 15664.6 2300.26 2115.27 136560
72900 15604.6 2340.72 2397.13 136778
73350 15616.5 2544.59 2690 136892
73800 16277.4 3371.5 2714.44 136821
74250 16718.1 3306.49 2689.46 136896
74700 16715.5 3210.03 2915.89 136959
75150 16653 3033.37 2854.63 136948
75600 16571.3 2814.99 2734.63 136991
76050 16464.9 2570.66 2606.21 136884
76500 16362.1 2372.57 2418.38 136928
76950 16269.6 2228.03 2324.43 137219
77400 16183.7 2103.88 2413.38 137237
77850 16224.6 2358.68 2328.09 137280
78300 16191.5 2278.43 2449.49 137270
78750 16138 2094.93 2400.96 137138
79200 16076.2 1950.06 2356.52 136995
79650 16033.2 1912.51 2292.23 136929
80100 16021.3 2047.45 2244.19 136860
80550 16026.4 2003.18 2156.47 136741
81000 16114.4 2314.25 2323 136556
81450 16160.3 2370.97 2330.35 136401
81900 16159.5 2266.34 2336.19 136227
82350 16143 2137.81 2196.37 136265
82800 16127.7 2172.06 2187.59 136268
83250 16072.4 1998.75 2173.82 135985
83700 16075.5 2023.45 2112.64 135814
84150 16021.7 1857.32 2110.96 135647
84600 16022.2 1793.87 2005.3 135877
85050 16531 2660.64 2173.96 136426
85500 17036.3 3254.51 2723.44 136600
85950 17463.6 3317.93 2775.44 136832
86400 17562.4 3225.8 2686.64 137055
86850 17626.3 3308.49 2784.23 137144
87300 17691.3 3359.28 2736.95 137309
87750 17625.5 3345.41 2865.77 137327
88200 18245.3 4170.6 2816.51 137294
88650 18406.3 4229.28 3040.09 137414
89100 18364.5 3863.57 2866.13 137559
89550 18337.5 4073.63 3054.35 137780
90000 18535.2 4287.11 3122.79 137926
90450 18616.2 4153.36 3081.33 138165
90900 18549.7 4008.74 3166.33 138410
91350 18698.3 4195.73 3097.55 138637
91800 19150.4 4616.64 3226.25 138754
92250 19447.3 4628.9 3371.57 138953
92700 19983.3 5324.44 3604.83 138616
93150 20501.8 5663.4 3648.3 138403
93600 20570 5656.38 3875.26 138419
94050 20423.3 5811.85 4126.52 138403
94500 20305.3 5787.53 4140.86 138464
94950 20228 6102.46 4088.31 138667
95400 20077.9 6117.23 4300.76 138660
95850 19990.5 6435.78 4407.77 138514
96300 19955.9 6260.86 4269.12 138398
96750 20075.6 6046.16 4278.83 138415
97200 20188.7 5879.18 4183.54 138415
97650 20207.2 6007.48 4159.23 138443
98100 20331.1 5917.86 4220.66 138233
98550 20170.8 5916.12 4221.56 137993
99000 20034.2 5863.65 4282.53 138064
99450 20134.8 6685.5 4793.95 138532
99900 20763.3 6916.37 4923.3 138920
100350 20568.3 6695.54 4797.68 139961
100800 20805.3 6544.37 5013.89 140392
101250 20891.8 6830.45 5305.02 140686
101700 20823.3 6605.17 5083.74 141373
102150 20492.4 6525.56 5434.82 141678
102600 20185.3 6188.22 5558.06 141628
103050 19051.1 6158.92 5463.59 141812
103500 18047.4 5966.93 5451.59 141838
103950 16993.9 5838.04 5592.22 141661
104400 16316.4 6074.46 5660.59 141338
104850 15654.6 5937.02 5446.29 141186
105300 15209.8 5845.75 5481.73 140796
105750 14619.8 5877.58 5296.65 140481
106200 14507.1 6191.93 5099.58 140225
106650 14261.2 6485.18 5053.86 140124
107100 14181.6 6641.85 5115.76 140650
107550 13819.5 6580.47 5677.92 140839
108000 13820.9 6333.27 5519.92 140847
108450 13380.5 6269.17 5856.88 140753
108900 13345.6 6382.45 5693.96 140579
109350 12939.7 6560.13 5430.99 140653
109800 12538.4 6277.85 5538.75 140351
110250 11977 6040.86 5153.25 140176
110700 12016.9 6351.55 4873.89 139951
111150 11680.8 6055.83 4606.16 139844
111600 12136.8 7415.61 5408.35 139520
112050 11814.3 7495.24 5481.33 138168
112500 11485.1 7258.12 5527.47 137141
112950 11458.4 7645.95 6035.35 136062
113400 11319.8 7401.18 6018.02 135195
113850 11054.3 7098.31 6112.51 134342
114300 11167.4 6988.02 5774.24 133691
114750 11109.7 6565.78 5651.21 133153
115200 11487.2 6385.09 6073.51 132168
115650 11751.3 5960.68 6257.04 130976
116100 12071.6 5775.11 6227.31 129958
116550 12362.4 5490.95 6109.16 128968
117000 12596.3 5062.41 5894.42 128209
117450 12810.6 4869.3 5957.53 127534
117900 13013.1 4691.71 5874.93 126988
118350 13203.8 4438.84 5961.94 126332
118800 13402.3 4169.7 5765.19 125840
119250 14035.9 4541.61 5861.48 125695
119700 15043.7 4743.73 5635.12 126057
120150 15337.4 4538.95 5876.62 126465
120600 15296.5 4588.06 6497.82 126243
121050 15242.3 4328.52 6524.95 125828
121500 15138.4 4202.83 6336.32 125919
121950 15018.9 4130.56 6855.73 125448
122400 15085.4 4303.84 6795.67 125106
122850 15023.7 4134.05 6690.67 124920
123300 15088.4 4215.95 6838.86 124861
123750 15314.8 4783.87 6970.45 124986
124200 15294.6 4667.4 7161.78 124902
124650 15477.6 4625.34 6940.96 124660
125100 15547.1 4683.86 6820.88 124508
125550 15565.5 4699.3 6570.03 124256
126000 15435.7 4429.62 6457.8 123943
126450 15363.8 4428.04 6218.43 123672
126900 15337.3 4404.59 6153.2 123440
127350 15477.9 4105.72 5911.04 123223
127800 15786.9 3910.1 5765.08 122971
128250 16402.6 4336.11 5723.61 122900
128700 16657.5 4168.92 5745.61 122797
129150 16750.3 4117.39 5935.91 122784
129600 17181.2 4314.41 5985.29 122764
130050 17179.3 4201.19 6051.61 122683
130500 17174.4 4168.39 5941.32 123002
130950 17173.2 4013.28 5679.44 123408
131400 17136.9 3800.68 5646.28 123512
131850 17081.4 4751.51 5516.83 123811
132300 16756.9 4728.34 5744.32 123981
132750 16393.9 4911.79 5634.4 124040
133200 16176.8 4876.01 5342.08 124432
133650 15944.3 4869.71 5214.72 124864
134100 16048.1 5470.73 5166.8 125376
134550 15746 5188.95 5301.36 125708
135000 15362.8 4974.24 5276.77 125843
135450 14838.6 4919.29 5197.38 126164
135900 14563.3 4966.15 5382.43 126264
136350 14320.7 4865.94 5339.34 126256
136800 14099.2 4707.45 5213.33 126224
137250 13782.2 4470.41 5109.35 126221
137700 13409.6 4132.68 4840.98 126220
138150 12957.9 3884.68 4799.06 126442
138600 12600.2 3744.86 4733.49 126787
139050 12214.9 3611.21 4688.65 127041
139500 12583.1 3743.83 4740.85 127265
139950 13014.5 3742.85 4627.69 127573
140400 13135.1 3485.19 4705.76 127638
140850 13151.5 3261.38 4495.7 127741
141300 13715.4 3952.99 4260.96 127820
141750 14025.4 3673.89 4138.94 128096
142200 14056.8 3410.49 4144.71 128305
142650 14132.1 3481.53 4269.63 128687
143100 14104.2 3476.33 4908.35 128559
143550 13970.8 3486.04 5121.37 128011
144000 13795.7 3393.04 5050.58 127693
144450 13821.5 3281.72 5337.6 127061
144900 13827.8 3092.86 4950.45 126660
145350 13661.3 2843.87 4907.69 126237
145800 13476 2738.63 4838.83 125816
146250 13374.4 2793.66 4977.79 125907
146700 13189.4 2604.67 5225.64 125669
147150 13060.9 2497.24 5134.68 125453
147600 13243.5 2790.78 5180.02 125274
148050 13317.7 2524.59 5180.16 124787
148500 13430.7 2681.84 5096.63 124855
148950 13486.4 2463.09 5137.34 124713
149400 13599.3 2542.51 4921.52 124793
149850 13682.1 2373.9 4967.57 124859
