18000 11319 142 764 136366
18450 11319.8 135.5 905.4 136364
18900 11319.1 133.05 955.26 136485
19350 11392.3 139.245 1008.03 136702
19800 11430.5 362.021 1012.03 136936
20250 11463.9 345.518 1096.23 137103
20700 11495 321.067 1081.7 137444
21150 11519.6 298.76 1293.93 137586
21600 11536.9 316.384 1344.74 137693
22050 11544.7 312.246 1513.07 137894
22500 11545 287.721 1574.96 138306
22950 11552.4 273.249 1799.96 138579
23401 11514.6 252.924 2041.77 138724
23850 11478 229.932 2194.99 138702
24301 11437.5 213.138 2117.49 138698
24750 11401.2 198.125 2049.74 138638
25200 11368.8 188.112 1960.27 138577
25650 11336.5 179.501 1911.34 138420
26100 11314.5 292.951 2078.51 138138
26550 11297.2 280.556 2176.96 137845
27000 11286.8 321.6 2128.66 137516
27450 11291.9 426.34 1963.69 137712
27902 11283.9 391.406 1845.63 138022
28351 11270.2 366.466 1902.26 138171
28800 10606.2 786.919 1752.64 138596
29250 10917.6 939.427 1614.07 139082
29700 11114.5 906.484 1537.47 139591
30150 11288.1 1066.14 1553.52 140034
30600 11423.6 999.622 1442.67 140553
31050 11515.3 982.56 1434.5 140986
31500 11579.2 926.104 1337.65 141391
31950 11608.9 872.394 1701.99 141285
32400 11613.7 813.454 1802.69 141136
32850 12192 1959.31 1776.82 141424
33300 12676.7 1788.08 1634.74 141701
33750 12766 1676.87 2156.16 141654
34200 12679.6 1542.88 2342.25 141419
34650 12631.8 1424.79 2176.62 141194
35100 12534.7 1469.82 2108.36 141145
35551 12585.4 1348.83 2057.52 140976
36000 12626.1 1228.85 1867.77 140933
36451 12656.1 1129.87 1801.59 141003
36900 12677.2 1042.98 1752.93 140949
37350 12691.9 969.781 1751.54 140845
37800 12693.7 902.703 1725.69 140898
38250 12507.8 842.033 1662.12 140811
38700 13789.4 2848.63 1611.31 140234
39150 14620.8 2605.07 1659.68 139947
39600 15525.1 2717.56 1677.61 139632
40050 16510.7 3127.7 1641.65 139201
40500 17253.7 2881.73 1529.68 138874
40950 17781.6 2670.46 1404.61 138749
41400 18396.6 2828.21 1350.55 138648
41850 18792.4 2706.79 1329.2 138606
42300 18843.8 2726.11 1387.38 138870
42750 18771 2873.3 1538.84 139150
43200 18576.4 2678.87 1499.56 139481
43650 18338.3 2500.48 1383.8 139823
44100 18111 2373.64 1272.82 140159
44550 17859.9 2208.27 1191.14 140548
45000 17611.6 2065.05 1233.22 140788
45450 17406.9 1959.34 1195.8 140947
45900 17213 1803.61 1129.12 141141
46350 17016 1711.45 1118.71 141283
46800 16758.5 1655.4 1338.44 141567
47250 16484.9 1798.36 1585.59 141716
47700 16315.1 1875.23 1886.54 141629
48150 16780.2 2971.8 2108.38 141356
48600 16627.6 2840.02 2446.24 141253
49050 16445.9 2712.82 2453.72 141389
49500 16277.9 2449.04 2548.55 141417
49951 16122 2209.33 2529.59 141494
50400 15975.9 1993 2571.53 141284
50850 16994.8 3246.6 2618.78 140814
51300 17782.5 2962.44 2477.9 140461
51750 18436.3 2751.9 2277.01 140197
52201 18960.6 3189.21 2196.21 140003
52650 18847.7 3316.69 2791.29 139657
53100 18654.8 3268.12 2948.36 139346
53550 18417.8 3064.21 2825.22 139083
54000 18224.1 3348.19 2781.4 139340
54450 17978.2 3059.17 2738.56 139392
54900 17703.3 2804.55 2914.31 139099
55350 17461.3 2664.6 2698.48 138896
55800 17244.1 2427.74 2564.03 139078
56250 17027 2223.06 2843.62 139065
56700 16823.6 2021.86 2811.86 138945
57150 16623.7 1835.07 2789.78 138718
57600 16566.3 1893.66 2675.1 138450
58050 16511.4 1725.9 2572.29 138310
58500 16439.2 1739.21 2633.16 138118
58950 16373.6 1625.79 2446.74 138331
59400 16275.1 1528.91 2423.37 138536
59850 16174.8 1521.42 2326.43 138706
60300 16066 1406.98 2360.99 138640
60750 15954.1 1282.78 2319.69 138457
61200 15840.2 1168.7 2184.32 138264
61654 15730.3 1067.13 2076.69 138207
62100 15625.3 974.917 2210.82 137777
62550 15523.2 897.125 2101.84 137299
63000 15633.5 1449.21 1994.05 137123
63450 15739.8 1581.39 2084.25 136867
63900 15842.3 1553.15 2144.22 136911
64350 15924.2 1765.74 2203.2 136691
64800 15951.1 1708.56 2230.58 136565
65250 15905.6 1627.61 2220.72 136456
65700 15850.4 1616.25 2250.25 136329
66150 16055.7 2535.42 2294.23 136301
66600 15975.4 2353.88 2305.9 136525
67050 15836.5 2155.19 2332.41 136752
67500 15697.4 2273.07 2494.37 136802
67950 15555.9 2073.77 2358.23 136933
68400 15425.9 1885.79 2318.51 137025
68850 15304.3 1715.91 2261.56 136936
69300 15203.3 1693.42 2217.5 136882
69750 15110 1548.98 2052.25 137005
70200 15047.5 1499.98 1958.03 137121
70650 14973.9 1527.58 1850.53 137185
71100 15041.9 2009.42 1915.77 137427
71550 15132 2352.68 1974.4 137708
72000 15267.9 2936.91 2053.36 137955
72450 15296.5 2910.02 2221.52 138012
72900 15362.5 2795.52 2177.07 138540
73350 15346 2811.27 2391.26 138743
73801 15577.1 3038.14 2550.44 138863
74250 15758.2 3196.83 2765.59 139158
74700 16090.6 3537.14 2679.53 139363
75150 16107.3 3455.83 2854.68 139427
75600 16118.4 3381.35 2911.11 139285
76050 16111.2 3145.71 2740.5 139250
76500 16030.1 2844.84 2697.05 139092
76950 15956 2588.66 2510.95 139010
77400 15979.4 2507.59 2354.85 139147
77850 15914.8 2462.33 2408.67 139187
78300 15942.4 2490.2 2339.9 139268
78750 15844.9 2643.88 2395.11 139348
79200 15807.5 2403.19 2394.8 139240
79650 15729.5 2193.67 2367.42 139097
80100 15674.1 2170.2 2402.98 138969
80550 15673.5 2248.38 2279.58 138876
81000 15581.9 2068.35 2247.32 138726
81451 15601.2 2292.01 2225.99 138788
81900 15631.3 2109.01 2312.09 138722
82350 15542.6 2110.91 2393.08 138615
82800 15373 1921.42 2259.77 138446
83250 15276.6 2176.58 2169.5 138433
83700 15135.5 2127.42 2225.95 138231
84150 15044 2090.88 2085.75 138125
84600 15003.1 1896.59 2037.78 138073
85050 14985.4 1721.23 2044.8 138388
85500 15828.2 2706.51 1948.12 138770
85950 16059 3287.36 2619.11 139137
86400 16660.3 3664.62 2732 139278
86850 16835.9 3850.56 2660 139397
87300 16911.8 3827 2678.8 139636
87750 16861.7 3726.6 2707.42 139940
88200 16763.7 3480.54 2710.98 140169
88650 17085 3905.39 2883.58 140372
89100 17375.8 3983.95 2782.72 140580
89550 17330.4 3719.65 2875.05 140854
90000 17606.4 4075.29 2819.64 141114
90450 17339.2 3694.76 3174.18 141253
90900 17169.5 3926.28 3232.76 141427
91350 17093.9 4065.16 3222.39 141535
91800 17093 4088.74 3161.95 141792
92250 17164.4 4544.27 3325.65 142065
92700 17281.3 4965.34 3362.89 142370
93150 17246.7 4877.51 3531.7 142638
93600 17669.3 5127.55 3576.33 142799
94050 17620.4 5159.8 3813.2 143025
94500 17641.2 5205.42 4123.18 142992
94950 17541.1 5410.58 4250.86 142888
95401 17711.7 5743.12 4186.77 142857
95850 19095.3 6475.91 4219.5 141690
96300 20939.2 6832.12 4476.05 139782
96750 21570.5 6356.31 4626.44 138951
97201 23213.7 6162.47 4457.9 137553
97651 24055 6067.23 4419.81 136826
98101 24401.6 6010.1 4304.03 136595
98551 24290.4 6012.89 4256.82 136667
99000 23975.2 5782.2 4266.64 137036
99450 23694.4 5863.38 4256.28 137276
99901 25318.2 5921.65 4264.55 137086
100350 25827 5699.28 4203.59 138158
100800 26926.5 5653.85 3952.14 139039
101250 27034.4 5657.87 4271.32 140238
101701 27127.4 5383.68 4642.89 141022
102150 27549.3 5662.91 4414.6 141894
102601 27898.7 5687.32 4443.64 142675
103050 28041 5410.59 5200.78 142722
103500 26960.9 5071.83 5736.2 142765
103951 24824.6 4962.15 5802.78 143547
104400 22858.5 4843.13 5575.5 144266
104850 21073.1 5120.02 5907.75 144614
105300 19507 5066.02 5713.08 144976
105750 18626.2 5088.32 5682.87 144646
106200 18082.1 5180.88 5423.18 144242
106650 18616.2 5237.3 5298.46 142618
107101 19136.6 5704.57 5104.62 141804
107550 20234.3 5715.21 5146.56 140197
108000 21215.6 5684.89 5012.5 139953
108450 21383.9 5707.5 5013.35 140228
108900 22663.1 5274.25 5433.11 139051
109350 21988.9 5043.52 5868.7 139290
109800 21210.1 5129.47 5659.33 139724
110250 20674.6 5273.63 5574 139707
110700 19955.7 5062.66 5402.2 139719
111150 19114.9 5030.2 5105.38 139936
111600 18440.2 4885.38 4880.64 140050
112050 18442.2 4856.34 4809.78 140659
112500 19087.2 5202.61 5005.2 140671
112951 18666.7 5075.84 5109.88 139669
113400 18480.1 5411.06 5360.49 139156
113850 17653.4 5057.75 6209.34 138480
114301 16581.1 4962.38 6446.71 137901
114750 16140.1 5146.14 6439.04 137066
115200 15695.7 4866.73 6150.43 136244
115650 15672.6 4860.55 6460.89 135134
116100 15446.6 4509.8 6641.5 133810
116550 15248.6 4266.62 6533.05 132787
117000 15060.5 3979.96 6372.95 131925
117450 14871.6 3633.56 6277.25 131119
117900 14741 3385.21 6286.03 130461
118350 14595.6 3126.48 6199.12 129867
118802 14347.2 2859.84 6145.31 129408
119250 14098.1 2689.75 6088.58 128910
119700 13873.8 2448.58 6071.42 128206
120150 14320.2 3166.22 5718.28 129000
120600 14748.6 3380.2 5527.05 129660
121050 14818.8 3474.28 6409.15 129509
121500 14671 3220.95 6698.93 129087
121950 14506 2937.76 6462.14 128701
122400 14393.4 2738.18 6849.23 128348
122850 14214.5 2616.66 6797 128353
123300 14030.6 2516.5 6747.9 128298
123750 13866.7 2397.25 6901.61 128119
124200 13903.1 2460.92 7109.65 128073
124650 13916.2 2528.33 7248.19 127812
125100 14152.4 2626.8 7034.87 127579
125550 14433.4 2956.82 6931.78 127310
126000 14492.7 3030.13 6777.1 126964
126450 14485 3082.62 6539.09 126415
126900 14603.2 2813.36 6395.78 125883
127350 14671.7 3152.02 6135.8 125596
127800 14635.5 2909.82 6091.02 125453
128250 14557.2 2665.04 5964.22 125145
128701 14634.3 2509.54 5922.2 125189
129150 14519 2410.68 5933.78 125364
129600 14546.6 2642.71 5745.6 125737
130050 14519 2688.54 6092.14 125877
130500 14381.2 2667.69 6045.83 125946
130950 14572 2642.02 5963.44 125925
131400 14403 2556.22 5735.1 126398
131850 14238.9 2440.1 5574.39 126834
132300 14088.5 2303.99 5513.05 127102
132750 13815 3298.59 5656.95 127306
133200 13584.3 3326.73 5494.65 127485
133650 13356.9 3570.66 5329.59 127941
134100 13295.4 3743.59 5176.53 128452
134550 14654.4 4877.13 5100.97 127988
135000 15604.9 4511.62 4951.38 127464
135450 15486.4 4449.46 5209.74 127658
135900 14961.1 4267.21 5203.97 127958
136350 14352.7 4457.49 5395.07 128078
136800 13832.2 4433.64 5426.86 128328
137250 13370.4 4382.88 5416.38 128520
137700 12791.5 4042.49 5286.64 128503
138152 12408.7 3950.84 4876.37 128640
138600 11992.1 3674.96 4806.64 128952
139050 11614.2 3460.76 4867.77 129292
139500 11305.1 3406.08 4734.6 129527
139950 11041.4 3136.18 4777.04 129665
140400 11520.7 3482.26 4705.43 129807
140850 12049.9 3585.63 4647.29 129823
141300 12271.9 3247.37 4545.46 129675
141750 12588.8 3262.23 4389.81 129922
142200 12987 3200.61 4197.13 130160
142650 13212.3 2994.45 4223.52 130206
143100 13439.7 2925.1 4174.27 130570
143550 13655 2896.89 4637.74 130533
144000 13737.6 2911.5 5296.07 129699
144450 13648 2685.65 5213.86 128936
144901 13534.2 2460.79 5318.37 128598
145350 13397.8 2250.71 5085.34 128095
145800 13262.4 2041.24 4999.2 127646
146250 13108 1851.71 4892.38 127217
146700 12962.9 1760.24 4944.34 127022
147150 12822.5 1762.02 5161.21 126799
147600 12683.5 1597.62 5314.99 126485
148051 12253.6 1535.76 5224.59 125671
148500 12509.7 1653.78 5166.13 125259
148950 12822.1 1608 5083.02 125217
149400 13022.5 1466.1 5071.22 125072
149851 13254.3 1379.19 4955.59 125064
