18000 11319 142 764 136366
18450 11327 77 2178 136342
18900 11313 111 1404 137577
19350 12051 195 1483 138653
19800 11774 2367 1048 139044
20250 11765 197 1854 138606
20700 11775 101 951 140516
21150 11741 98 3204 138866
21600 11692 475 1802 138647
22050 11615 275 3028 139708
22500 11548 67 2132 142016
22950 11619 143 3825 141030
23401 11174 70 4218 140030
23850 11149 23 3574 138506
24301 11073 62 1420 138662
24750 11074 63 1440 138097
25200 11078 98 1155 138025
25650 11045 102 1471 137012
26100 11117 1314 3583 135596
26550 11141 169 3063 135215
27000 11194 691 1694 134550
27450 11337 1369 479 139478
27902 11212 77 783 140813
28351 11147 142 2412 139508
28800 4630 4571 406 142419
29250 13720 2312 367 143461
29700 12887 610 848 144172
30150 12851 2503 1698 144020
30600 12643 401 445 145227
31050 12340 829 1361 144882
31500 12155 418 466 145033
31950 11876 389 4981 140335
32400 11657 283 2709 139790
32850 17396 12272 1544 144019
33300 17039 247 356 144192
33750 13570 676 6849 141229
34200 11902 337 4017 139305
34650 12202 362 686 139166
35100 11660 1875 1494 140705
35551 13042 260 1600 139462
36000 12993 149 160 140542
36451 12926 239 1206 141634
36900 12867 261 1315 140462
37350 12824 311 1739 139907
37800 12710 299 1493 141382
38250 10835 296 1090 140019
38700 25323 20908 1154 135044
39150 22104 413 2095 137369
39600 23664 3730 1839 136790
40050 25381 6819 1318 135327
40500 23940 668 522 135934
40950 22533 769 279 137618
41400 23932 4248 864 137742
41850 22354 1614 1137 138222
42300 19307 2900 1911 141246
42750 18116 4198 2902 141669
43200 16825 929 1146 142463
43650 16195 895 342 142903
44100 16065 1232 274 143178
44550 15600 720 456 144054
45000 15377 776 1612 142947
45450 15565 1008 859 142382
45900 15468 402 529 142888
46350 15243 882 1025 142561
46800 14441 1151 3316 144124
47250 14022 3085 3810 143048
47700 14787 2567 4595 140853
48150 20966 12841 4105 138892
48600 15254 1654 5487 140334
49050 14811 1568 2521 142613
49500 14766 75 3402 141665
49951 14719 52 2359 142186
50400 14661 46 2949 139393
50850 26165 14529 3044 136584
51300 24872 405 1210 137287
51750 24320 857 469 137825
52201 23679 7125 1469 138250
52650 17832 4464 8147 136549
53100 16919 2831 4362 136541
53550 16284 1229 1717 136722
54000 16481 5904 2387 141651
54450 15765 458 2353 139861
54900 15229 513 4496 136462
55350 15284 1405 756 137072
55800 15289 296 1354 140712
56250 15073 381 5360 138948
56700 14993 211 2526 137866
57150 14825 154 2591 136674
57600 16049 2421 1643 136033
58050 16018 216 1647 137054
58500 15789 1859 3181 136387
58950 15783 605 769 140250
59400 15389 657 2213 140383
59850 15272 1454 1454 140232
60300 15087 377 2672 138052
60750 14947 165 1948 136805
61200 14815 142 966 136527
61654 14741 153 1108 137691
62100 14680 145 3418 133911
62550 14605 197 1121 133001
63000 16626 6418 1024 135533
63450 16696 2771 2896 134566
63900 16765 1299 2684 137307
64350 16661 3679 2734 134708
64800 16194 1194 2477 135434
65250 15496 899 2132 135475
65700 15353 1514 2516 135190
66150 17904 10808 2690 136049
66600 15252 720 2411 138537
67050 14587 367 2571 138793
67500 14445 3334 3952 137258
67950 14283 280 1133 138106
68400 14256 194 1961 137854
68850 14210 187 1749 136132
69300 14294 1491 1821 136399
69750 14270 249 565 138115
70200 14485 1059 1110 138163
70650 14312 1776 883 137760
71100 15654 6346 2503 139603
71550 15943 5442 2502 140239
72000 16491 8195 2764 140174
72450 15554 2668 3735 138528
72900 15956 1765 1777 143297
73350 15198 2953 4319 140563
73801 17657 5080 3983 139947
74250 17388 4625 4702 141813
74700 19082 6600 1905 141207
75150 16258 2724 4431 140008
75600 16218 2711 3419 137998
76050 16046 1025 1205 138943
76500 15300 137 2306 137662
76950 15290 283 836 138275
77400 16190 1778 950 140381
77850 15333 2055 2893 139545
78300 16191 2741 1721 139995
78750 14967 4027 2892 140072
79200 15471 237 2392 138268
79650 15028 308 2121 137809
80100 15175 1959 2723 137819
80550 15668 2952 1169 138039
81000 14758 448 1957 137372
81451 15775 4305 2034 139348
81900 15902 462 3087 138133
82350 14744 2128 3122 137644
82800 13847 216 1060 136930
83250 14409 4473 1357 138315
83700 13865 1685 2734 136411
84150 14221 1762 824 137176
84600 14635 148 1606 137600
85050 14826 143 2108 141224
85500 23413 11574 1078 142207
85950 18137 8515 8658 142446
86400 22072 7060 3748 140546
86850 18416 5524 2012 140467
87300 17595 3615 2848 141787
87750 16411 2823 2965 142676
88200 15881 1266 2743 142228
88650 19977 7729 4437 142203
89100 19993 4691 1875 142448
89550 16922 1341 3706 143325
90000 20090 7276 2321 143451
90450 14935 270 6365 142502
90900 15642 6010 3760 142993
91350 16413 5315 3129 142510
91800 17085 4301 2618 144108
92250 17807 8644 4799 144519
92700 18334 8755 3698 145112
93150 16935 4087 5051 145048
93600 21473 7378 3978 144254
94050 17180 5450 5945 145059
94500 17828 5616 6913 142689
94950 16641 7257 5400 141956
95401 19247 8736 3610 142575
95850 31547 13071 4514 131186
96300 37535 10038 6785 122615
96750 27252 2074 5980 131470
97201 38002 4418 2941 124970
97651 31627 5210 4077 130287
98101 27521 5496 3262 134509
98551 23290 6038 3832 137314
99000 21138 3706 4355 140361
99450 21167 6594 4163 139440
99901 39933 6446 4339 135376
100350 30406 3698 3655 147804
100800 36822 5245 1689 146964
101250 28005 5694 7144 151033
101701 27965 2916 7987 148081
102150 31346 8176 2360 149736
102601 31043 5907 4705 149710
103050 29322 2920 12015 143145
103500 17240 2023 10555 143152
103951 5598 3975 6402 150586
104400 5164 3772 3530 150737
104850 5004 7612 8898 147738
105300 5412 4580 3961 148234
105750 10699 5289 5411 141676
106200 13185 6014 3086 140613
106650 23423 5745 4176 128001
107101 23821 9910 3360 134474
107550 30113 5811 5524 125739
108000 30048 5412 3806 137759
108450 22898 5911 5021 142700
108900 34176 1375 9211 128461
109350 15921 2967 9789 141438
109800 14201 5903 3775 143628
110250 15855 6571 4806 139557
110700 13486 3164 3856 139821
111150 11547 4738 2434 141896
111600 12368 3582 2858 141074
112050 18460 4595 4172 146144
112500 24893 8319 6764 140775
112951 14882 3935 6052 130650
113400 16801 8428 7616 134538
113850 10213 1878 13849 132396
114301 6930 4104 8583 132690
114750 12171 6800 6370 129554
115200 11696 2352 3553 128847
115650 15465 4805 9255 125146
116100 13413 1353 8267 121893
116550 13466 2078 5557 123576
117000 13368 1400 4932 124173
117450 13171 516 5416 123857
117900 13566 1150 6365 124546
118350 13287 798 5417 124513
118802 12112 460 5661 125284
119250 11856 1159 5578 124426
119700 11855 278 5917 121873
120150 18338 9625 2540 136145
120600 18604 5306 3806 135602
121050 15451 4321 14348 128147
121500 13340 941 9307 125290
121950 13021 389 4331 125225
122400 13380 942 10333 125174
122850 12605 1523 6327 128396
123300 12375 1615 6306 127807
123750 12392 1324 8285 126502
124200 14231 3034 8982 127659
124650 14034 3135 8495 125467
125100 16278 3513 5115 125479
125550 16962 5927 6004 124888
126000 15027 3690 5385 123856
126450 14415 3555 4397 121467
126900 15667 390 5106 121101
127350 15289 6200 3796 123009
127800 14309 730 5688 124172
128250 13853 462 4823 122373
128701 15328 1110 5544 125586
129150 13481 1521 6038 126937
129600 14795 4731 4052 129088
130050 14271 3101 9211 127143
130500 13141 2480 5629 126561
130950 16289 2411 5222 125743
131400 12882 1784 3680 130654
131850 12762 1395 4128 130758
132300 12735 1079 4961 129517
132750 11353 12250 6952 129136
133200 11508 3580 4034 129094
133650 11311 5766 3844 132045
134100 12742 5300 3799 133051
134550 26885 15079 4421 123811
135000 24159 1222 3605 122754
135450 14420 3890 7535 129399
135900 10234 2627 5152 130665
136350 8877 6170 7115 129157
136800 9148 4219 5713 130576
137250 9214 3926 5322 130246
137700 7581 979 4119 128346
138152 8964 3126 1184 129881
138600 8242 1192 4179 131755
139050 8213 1533 5418 132356
139500 8524 2914 3536 131637
139950 8668 707 5159 130911
140400 15834 6597 4061 131083
140850 16813 4516 4124 129967
141300 14270 203 3629 128347
141750 15441 3396 2989 132143
142200 16571 2646 2463 132305
142650 15240 1139 4461 130616
143100 15486 2301 3731 133844
143550 15593 2643 8809 130202
144000 14481 3043 11221 122192
144450 12841 653 4474 122071
144901 12510 437 6259 125557
145350 12170 360 2988 123567
145800 12044 156 4224 123609
146250 11719 146 3931 123355
146700 11657 937 5412 125263
147150 11559 1778 7113 124792
147600 11432 118 6699 123656
148051 8385 979 4411 118350
148500 14814 2716 4640 121545
148950 15634 1196 4335 124839
149400 14826 189 4965 123774
149851 15341 597 3915 124988
