18000
18450
18900
19350
19800
20250
20700
21150
21600
22050
22500
22950
23400
23850
24300
24750
25200
25650
26100
26550
27000
27450
27900
28350
28800
29250
29700
30150
30600
31050
31500
31950
32400
32850
33300
33750
34200
34650
35100
35550
36000
36450
36900
37350
37800
38250
38700
39150
39600
40050
40500
40950
41400
41850
42300
42750
43200
43650
44100
44550
45000
45450
45900
46350
46800
47250
47700
48150
48600
49050
49500
49950
50400
50850
51300
51750
52200
52650
53100
53550
54000
54450
54900
55350
55800
56250
56700
57150
57600
58050
58500
58950
59400
59850
60300
60750
61200
61650
62100
62550
63000
63450
63900
64350
64800
65250
65700
66150
66600
67050
67500
67950
68400
68850
69300
69750
70200
70650
71100
71550
72000
72450
72900
73350
73800
74250
74700
75150
75600
76050
76500
76950
77400
77850
78300
78750
79200
79650
80100
80550
81000
81450
81900
82350
82800
83250
83700
84150
84600
85050
85500
85950
86400
86850
87300
87750
88200
88650
89100
89550
90000
90450
90900
91350
91800
92250
92700
93150
93600
94050
94500
94950
95400
95850
96300
96750
97200
97650
98100
98550
99000
99450
99900
100350
100800
101250
101700
102150
102600
103050
103500
103950
104400
104850
105300
105750
106200
106650
107100
107550
108000
108450
108900
109350
109800
110250
110700
111150
111600
112050
112500
112950
113400
113850
114300
114750
115200
115650
116100
116550
117000
117450
117900
118350
118800
119250
119700
120150
120600
121050
121500
121950
122400
122850
123300
123750
124200
124650
125100
125550
126000
126450
126900
127350
127800
128250
128700
129150
129600
130050
130500
130950
131400
131850
132300
132750
133200
133650
134100
134550
135000
135450
135900
136350
136800
137250
137700
138150
138600
139050
139500
139950
140400
140850
141300
141750
142200
142650
143100
143550
144000
144450
144900
145350
145800
146250
146700
147150
147600
148050
148500
148950
149400
149850
