10824
10787.7
12393
11725.8
10813.5
11032
10884.4
11214.9
11738.7
11061.5
12740.5
13026.3
12693.8
12683.2
12677.1
12657.6
13873.6
12640
12626
12780.4
12708.2
12667.2
12666.2
15812.7
15058.9
13807.1
13745.7
13679.8
13763.1
13682.6
13616.9
25400.8
23117.4
18430.3
13615
13586.7
13677.9
13664.3
15664.1
15586.2
15162.8
13861
13649.3
13645.8
26291.5
24354.5
19864.8
20831.5
19609.9
17243
16614.8
18514.6
18248.7
19131.9
16830.9
16214.5
15563.6
14892.2
14040
12619.5
12510.1
12433.2
12406.5
17676.7
12223.7
15363.8
22401.3
15190.2
13905.5
13825.4
13822.8
26644
23029.3
21514.7
20826.8
17597.2
14360.8
14204
14733.7
16767.4
14146
14487.6
14117
14113.1
14335.4
14050
14013.8
14037.7
14013.9
14027.6
13966.1
13952.1
13945.1
13866.7
13852.5
13953
13823.4
13783.5
13750.7
13838
13776.9
14814.8
14876.3
14685.4
14669
14337.9
14232.7
14118.7
14139.6
14057.4
13937.7
14066.8
13986.3
13938.2
14095.8
14089.1
14922.6
21066.9
21516.2
16855.4
16037.5
14896.2
15064.4
15724.4
22224.8
20684.5
16692.8
16090
15836
15507.5
15436.8
15437
15410.5
16592.9
15893.3
15656.6
15519.7
15646.1
15914.3
16072.4
16906.2
16574
16152
15995
15989.2
15575.1
16103.1
15537.4
16027.5
21110
21583.4
21309.8
18451
18201.5
18276.9
17033.2
23823.4
19854.9
17988.7
18094.2
20315
19345
17951.3
20035.2
23219.3
22119.4
24807.7
25168.1
21183.9
19103
19243
19532.5
18727.1
19203.4
19645.3
21152.1
21207.2
20373.9
21445.7
18728.6
18804.8
21040.3
26419.4
18813.6
22937.6
21671.2
20206.2
17514.6
17420.9
8844
9014
7512.6
10218.8
9697.7
11207.3
9309.5
13493.2
12047.5
13465.1
10561.1
13833.5
9416.9
13030.9
9287.4
8925.9
6924.7
12376
8656.2
16241
8911.1
8523.1
11218
10071.6
8665.7
12184.5
10591.1
14884.5
14128.4
14953.9
14979.4
14701.2
14739.6
14836.1
14919.9
15188.2
19739.1
24113.2
17981.4
14927.8
14755.2
14202.6
13943.7
15684.2
14467.7
15671.2
17351.8
15113.5
17124.5
16172.6
15731.3
14267.4
14716.6
15098.3
16743.8
18567.5
21944.3
18951.1
17585.6
21059.6
17162.5
17130.3
17162.6
16809.3
16582.8
13835.7
13126.9
14223.4
13851.5
16982.3
13027.3
11913.6
10120.6
12086.4
12136.6
12106.1
10929.1
10056.7
8892.4
9380.9
8746.8
15896.8
16897.3
14220.2
13299
18791
16815.5
14338.9
14810.5
13853.1
12770
12219.9
14053.4
13884.9
12162.6
11808.6
12459.3
11524.5
11904.8
14886.7
13986
14446.9
13987.6
14615.6
14427.6
