1601
401.1
4748
796.5
281.5
923.7
593.5
1272
2417.9
1863.7
263.4
1503.7
181.7
828
161.5
160.3
1784.2
663.8
622.6
2946.4
516.8
669.4
623.6
12029.8
257
1014.7
890.5
347.5
380.2
271
169.5
13396.9
319.7
512.8
681.5
138.7
444.7
718.1
25.3
146
810
485.8
217.5
391.5
16260.8
647.4
1969.7
4101.8
1082.5
676.3
939.2
4180.9
2077
4507.3
861.9
1270.6
618.5
695.7
393
181.1
91.2
502.7
572
9948.4
331.7
5709.1
11560.2
2367.5
316.1
410.8
340.6
13556.9
1094.8
3016.7
1881.6
7400.3
326.9
583.3
1144.3
5843.1
144
1415.6
293.7
1792.7
1178.2
861.6
228.8
8351.3
1052.1
747.5
413.7
385.3
105.5
324
259.6
213.2
522.1
278.8
384.5
8352.7
698.4
790.6
1811.4
330.5
953.1
325.2
359.8
427.5
569.1
745.1
198.9
1006.2
59.6
163.4
1179.6
690.2
1590.5
10002.5
6885
3394.8
2623.9
951.3
2704.8
4379.4
10813.7
2721.4
2341.9
1443.4
849.6
371.7
589.8
927.1
986.6
4651.8
1556.2
443.4
646.3
1574.5
3261.9
1604.8
5113.9
2881.4
1324.7
981
2480.3
439
2245.7
362.2
1222.8
10461.6
8599.3
3888.7
2396.7
4052.7
3816.4
3220.5
11597.3
4757.4
572.2
5964.2
6208.4
2949.6
2707.2
5878.6
8404.9
4739.2
11584.3
8714
5593.2
7211.1
5568.7
8936.8
6250.2
9302.7
4686.6
4113.8
4376.4
7162.2
5111.3
5900.4
5391.4
14082.2
8994.2
4708.1
5183.8
9405.2
4577.6
5809.1
3152.2
5895.2
4239
4678
8202.3
4700
5024.3
6164.1
9021.1
9124.4
8051.9
6028
4108.5
5692.3
7401.9
8159.3
3737.3
3908
9147.7
3394.4
19653.6
8211.9
5124.1
11136.4
5198.2
4372.5
5995.4
2765.6
4758.9
2141
4105
2933.5
1205.5
3131.4
3093.4
2163
1747.4
7888.8
6562.8
2695.9
5030.1
1992.7
3071.6
3480.1
5863.4
2605.9
4953.1
9895.1
3619.2
4246.8
5210.5
4838.3
2002.5
4413.8
4193.5
1415.9
2149.5
8170.2
2664.2
3653.7
6087.6
3182.2
3873.2
2617.3
1887.2
13309
4519.8
6562.9
4554
4813
10879.9
2652.9
3041.9
4424.7
5387.9
3964
3281.1
2337
1093.1
1652.7
2486.5
2408.4
4937.4
3734
1166.3
1247
10177.5
1162
1039.9
4120.9
3429.5
3573.4
2556.1
2279.8
1393.1
603
1791.5
3288.9
903.8
1530.3
5432.7
128.9
4097
494.4
3257.3
856.4
