2737.7
1463.3
1457.7
1038.5
2192.1
1676.5
2602.3
1572
4109.7
1808.9
3934.1
3487.5
3495.5
684.7
2033.5
968.3
1562.9
3942.7
2491.3
1541.8
634.6
1622.2
1658.7
457.5
403.3
1400.7
1377.5
1075.7
718.2
486.2
6532.3
1866.6
881.1
2250.2
8001.9
1637.7
861.2
1948.3
858.4
1288.8
1003.7
1846.3
1263.3
1343.6
1862.5
606.6
3113.3
1329.4
1182.3
410
389
1539.2
701.7
1330.2
2493.5
1078.2
357.8
376.7
811.1
1512.7
755.2
987.5
803.2
4063.8
3422
6331.3
1704.3
7295.8
1071.5
4210.2
2920.9
897.5
3780.7
632.9
444.6
4029.3
5680
2950.4
2070.7
2567.4
2935.6
4027.4
681.9
2892.9
3725.7
3689
1468.5
2611.9
2472.4
1573.5
2012
2248.2
1223.5
3132.1
1088.3
1086
1499
2215.4
1674.3
1040.3
3036.3
2245.5
3049.1
2435.5
1897.1
3592.3
2007.5
2597.3
2498.5
3183.8
1860.9
1252.9
2266.2
889.2
870.8
1238.2
943.8
2304.6
2891.4
4198
2107.6
1473.7
4933.9
5325.8
2934.4
2464.6
4953.8
2303.3
1654.6
1450.4
728
1478.8
3214
1560.4
3542.1
1964.2
1956.6
1713.6
1811.8
1367
3821.8
2396.5
2388.7
938
2108.6
2049.9
1562
2095.8
1054.4
3691.9
7668.8
3243.4
1887.4
3662.6
2311.4
4025.2
2373.1
5052.3
1300.5
4748.4
3738.7
2708.2
3931.3
2478.6
4384.5
4679.5
5704.1
4039.6
5917.9
6387.8
4269.9
3615.4
6212.8
5370.9
3021.2
4366.3
3325.9
3940.4
4773.6
4229.6
4831.3
9396.7
6087.5
3667.1
6959.7
7925.2
3092.3
8594.5
6667.2
4613.4
5343.6
6857.9
6275.9
3517.6
5800.7
3630.9
3326
4642.3
5672.9
10737.4
4097.9
8889.5
4227.7
3064.2
6508.6
1683.8
2359.6
2196.6
12628.1
6138.1
5942.8
10606.2
5862.1
6962.9
2729.8
4543.9
9874.3
7908.8
5959.7
5045.8
3961.8
6525.5
5131.5
6745.1
3994.4
6728.1
3597.9
8050.1
12088.6
6769.1
4638.7
11530.4
6255.1
5745.7
8172.6
8154.7
8883.8
4953.6
5740.1
4312.4
5447.7
4064.1
5566.2
3731.6
4451.4
5350.4
5943.6
7648.6
6429.7
6648.5
4948.7
3322.5
5347.9
4351.8
7791.7
4645.1
2711.2
4068.5
4735.5
6512.4
5055.5
4482.8
7047.9
4951.5
4079.3
4173.5
2425.7
4421.7
4143.4
4285.1
5210.6
3609.3
5408.4
2605.1
2148.3
3040.8
4196.6
5393.9
10656.9
7038.5
4413.5
7920.8
1466.1
4522.8
4219.1
6228.4
7456.3
4316.1
5588
5181.5
4344.8
5503.8
2979.1
5382
