137548
138212
138345
139565
139083
141084
139963
140880
140155
142028
138937
138604
136324
137527
136136
136259
135876
134565
132856
136972
138055
137534
137991
141009
141920
142634
142780
142927
143188
143032
136612
136266
137726
140480
137568
136470
136304
136679
135731
135647
136813
137158
137029
138589
132374
133978
136174
137009
137912
139699
140559
139599
139090
140678
140406
140650
141038
141916
142503
143133
143330
143419
144009
139342
139483
136397
134779
140022
141150
138825
138845
135726
136983
138466
138615
139421
137894
138222
137925
139814
139324
136464
138716
139754
138223
137266
136147
135616
136843
136605
139176
139914
139025
136211
135739
135978
138042
132219
132394
136331
135363
137466
134797
135002
134953
133666
137870
138112
137332
136914
136259
135784
134014
135500
136648
136529
137135
134599
134677
135797
136227
141909
138737
137923
136184
137566
137532
136842
137384
135917
137326
139838
137396
137671
137178
135947
135710
136331
136242
135667
134893
135004
134662
136605
136297
133441
134275
134139
137949
141364
138171
138921
139057
137945
138799
137490
136993
138492
138870
139764
139240
140320
140613
140679
139810
140747
135576
136490
138559
138260
139017
140492
138593
137203
137351
138571
138414
138694
136340
135840
138705
142738
142414
149326
144275
143333
147558
144420
141174
143472
142068
140067
138434
139814
137294
137643
137922
139209
145388
142537
140918
139914
139005
141324
137630
138604
137928
138881
136600
125999
127901
126351
127388
126671
127826
128316
123298
120255
120793
120057
121381
121461
122068
120431
121410
124392
129312
130139
124245
122090
126737
121210
122027
123245
124332
126109
124147
122482
123141
121987
121129
121233
121355
121266
120700
122267
121868
122667
122587
121949
125874
127061
124449
126498
125518
124566
127958
128760
129978
128701
127058
129052
127160
126184
125943
126187
126216
128436
129898
129322
129280
130344
128229
128660
128531
130582
130187
132121
127412
123080
124825
121380
123044
122432
122027
126725
123529
123505
123666
120405
125462
123437
125517
125451
