1182.000000
1250.000000
1202.000000
1173.000000
1060.000000
1202.000000
1027.000000
1126.000000
1163.000000
1279.000000
843.000000
516.000000
94.000000
13.000000
265.000000
422.000000
595.000000
780.000000
976.000000
702.000000
282.000000
448.000000
685.000000
467.000000
470.000000
506.000000
594.000000
644.000000
783.000000
890.000000
1644.000000
1886.000000
1904.000000
2067.000000
2523.000000
2747.000000
2772.000000
2744.000000
2967.000000
3051.000000
3119.000000
3255.000000
3273.000000
3077.000000
3670.000000
3908.000000
3404.000000
3099.000000
2677.000000
1972.000000
1312.000000
983.000000
750.000000
430.000000
471.000000
526.000000
615.000000
652.000000
655.000000
681.000000
575.000000
413.000000
260.000000
556.000000
964.000000
1534.000000
1987.000000
1676.000000
1426.000000
1662.000000
1778.000000
2247.000000
2263.000000
1849.000000
1531.000000
1218.000000
1132.000000
851.000000
628.000000
255.000000
463.000000
756.000000
455.000000
141.000000
376.000000
507.000000
628.000000
671.000000
523.000000
516.000000
185.000000
200.000000
316.000000
687.000000
849.000000
847.000000
611.000000
1097.000000
1139.000000
692.000000
640.000000
286.000000
508.000000
428.000000
433.000000
571.000000
245.000000
14.000000
134.000000
309.000000
377.000000
572.000000
899.000000
872.000000
760.000000
842.000000
861.000000
1091.000000
1475.000000
1771.000000
1989.000000
1452.000000
1762.000000
1851.000000
2042.000000
2262.000000
2404.000000
2479.000000
2294.000000
2366.000000
2164.000000
1791.000000
1910.000000
1907.000000
1998.000000
2210.000000
2245.000000
2168.000000
2109.000000
2135.000000
2170.000000
2387.000000
2495.000000
2350.000000
2178.000000
2448.000000
2417.000000
2478.000000
2196.000000
1962.000000
2170.000000
2305.000000
2223.000000
2253.000000
2327.000000
2613.000000
2875.000000
2958.000000
3021.000000
3074.000000
3188.000000
3088.000000
3017.000000
2898.000000
3038.000000
3112.000000
3754.000000
4235.000000
4380.000000
4622.000000
4528.000000
4221.000000
4197.000000
3176.000000
1384.000000
536.000000
862.000000
1617.000000
1638.000000
1326.000000
1028.000000
1256.000000
1834.000000
1803.000000
1353.000000
448.000000
351.000000
216.000000
1047.000000
910.000000
927.000000
1886.000000
2928.000000
3428.000000
4180.000000
4165.000000
4017.000000
2494.000000
1154.000000
642.000000
894.000000
525.000000
1528.000000
1363.000000
627.000000
469.000000
232.000000
92.000000
530.000000
2491.000000
3530.000000
3607.000000
3961.000000
4138.000000
4210.000000
3913.000000
4076.000000
4158.000000
3852.000000
3819.000000
3716.000000
3585.000000
3473.000000
3535.000000
3568.000000
3215.000000
2149.000000
2535.000000
3417.000000
3681.000000
3168.000000
3253.000000
3242.000000
3433.000000
3437.000000
3133.000000
3171.000000
3152.000000
3071.000000
3054.000000
3021.000000
2743.000000
2443.000000
2373.000000
2482.000000
2245.000000
2392.000000
2580.000000
2973.000000
3194.000000
2944.000000
2517.000000
2886.000000
3023.000000
3121.000000
3266.000000
3053.000000
3077.000000
3076.000000
2280.000000
1621.000000
1494.000000
1694.000000
1822.000000
2104.000000
2299.000000
2283.000000
2198.000000
2165.000000
2251.000000
2262.000000
2092.000000
2169.000000
2082.000000
1855.000000
1826.000000
1855.000000
1519.000000
2011.000000
2522.000000
2006.000000
1875.000000
1938.000000
1858.000000
1830.000000
1310.000000
1353.000000
1346.000000
1211.000000
884.000000
404.000000
504.000000
279.000000
205.000000
