136366
136342
137577
138653
139044
138606
140516
138866
138647
139708
142016
141030
140030
138506
138662
138097
138025
137012
135596
135215
134550
139478
140813
139508
142419
143461
144172
144020
145227
144882
145033
140335
139790
144019
144192
141229
139305
139166
140705
139462
140542
141634
140462
139907
141382
140019
135044
137369
136790
135327
135934
137618
137742
138222
141246
141669
142463
142903
143178
144054
142947
142382
142888
142561
144124
143048
140853
138892
140334
142613
141665
142186
139393
136584
137287
137825
138250
136549
136541
136722
141651
139861
136462
137072
140712
138948
137866
136674
136033
137054
136387
140250
140383
140232
138052
136805
136527
137691
133911
133001
135533
134566
137307
134708
135434
135475
135190
136049
138537
138793
137258
138106
137854
136132
136399
138115
138163
137760
139603
140239
140174
138528
143297
140563
139947
141813
141207
140008
137998
138943
137662
138275
140381
139545
139995
140072
138268
137809
137819
138039
137372
139348
138133
137644
136930
138315
136411
137176
137600
141224
142207
142446
140546
140467
141787
142676
142228
142203
142448
143325
143451
142502
142993
142510
144108
144519
145112
145048
144254
145059
142689
141956
142575
131186
122615
131470
124970
130287
134509
137314
140361
139440
135376
147804
146964
151033
148081
149736
149710
143145
143152
150586
150737
147738
148234
141676
140613
128001
134474
125739
137759
142700
128461
141438
143628
139557
139821
141896
141074
146144
140775
130650
134538
132396
132690
129554
128847
125146
121893
123576
124173
123857
124546
124513
125284
124426
121873
136145
135602
128147
125290
125225
125174
128396
127807
126502
127659
125467
125479
124888
123856
121467
121101
123009
124172
122373
125586
126937
129088
127143
126561
125743
130654
130758
129517
129136
129094
132045
133051
123811
122754
129399
130665
129157
130576
130246
128346
129881
131755
132356
131637
130911
131083
129967
128347
132143
132305
130616
133844
130202
122192
122071
125557
123567
123609
123355
125263
124792
123656
118350
121545
124839
123774
124988
125723
125678
123430
124369
122891
126312
130367
129581
128997
129726
128892
128409
123257
124319
124042
122522
124770
131217
125026
123843
125479
123576
125544
127318
128141
124915
128073
131953
128027
125706
127751
127605
125531
122236
119216
120854
121535
130192
130947
128485
130868
128258
122093
123383
132807
131929
131327
123030
125573
133404
132472
132308
125052
125954
125052
126078
129334
129732
130436
133516
134194
130800
128991
133001
131052
131588
130611
132726
132635
132960
136042
137657
135620
135430
133190
135033
134493
135348
135802
136191
144314
143745
139542
130883
133324
130207
131248
133385
132833
133262
131922
131215
127285
129530
134848
133881
134792
133332
123942
127559
126791
128397
124798
124069
130477
128909
130853
130160
131202
125446
123375
123015
121611
127633
127217
128753
131081
130537
126547
127136
129312
129245
126992
126168
124313
123350
129640
120048
123571
126351
124798
132592
133435
134192
135452
135668
135178
134328
134875
131011
128127
125286
126126
125578
129690
126397
128302
127829
127312
128580
122375
128111
128132
128382
123473
126009
128483
128254
131061
131135
131630
130457
130791
126754
128858
128310
129210
129780
129409
128748
128672
127346
126483
125952
125754
123498
128566
126746
128135
122411
121379
120975
123733
122469
120990
121185
122646
121199
121925
122077
124022
123828
125590
122318
122501
120664
123022
123171
124877
124161
123131
122581
124287
126304
124567
124786
124940
128232
130719
130286
132872
132793
131916
130682
131870
134123
134146
134276
137628
137991
137578
139037
136908
138230
135247
134173
135813
134338
133706
133309
130354
124916
124830
121683
129715
129647
129668
129718
126804
121927
132106
126975
126077
128692
130511
122501
120710
116711
114381
122137
121177
118041
117585
119638
119927
118171
121182
124470
121470
120009
122386
120860
119962
119327
119695
118247
121081
119573
120098
118263
118128
117969
129629
129702
128679
127803
129703
128180
127321
122816
129951
124664
126620
130658
125474
122096
118438
115244
116894
115231
114396
114333
114520
116189
115797
115920
119594
119767
119381
120079
114709
113040
115923
117617
117965
124244
122201
121848
119969
117988
118108
119462
120866
118660
117889
117783
116914
124643
119864
117438
117576
118122
120029
119680
118697
117718
124163
122889
125795
124088
125883
121549
121963
117345
117800
124344
126823
122378
115140
114345
117920
116188
116469
116073
120192
117632
116790
115907
128139
128302
127887
125942
126186
125190
123752
124441
125699
123522
124585
122674
123941
123809
124332
124027
124495
122908
119057
116365
118285
114861
119708
119350
118341
116043
117274
115281
114926
115186
115463
115279
121863
125064
123404
128296
125687
127517
125889
128275
124746
124733
124302
129299
123538
127046
128052
125855
126570
124432
125178
126877
126180
126734
126866
124366
125935
125988
128793
130264
131568
130388
126308
126566
126863
127155
126552
125998
126995
125467
127262
126176
126362
126148
127538
126373
126628
126438
126066
125652
126576
126011
124832
126279
134795
134033
129340
128470
124983
131176
129142
127127
129781
127065
129547
129925
126578
126137
126734
122373
120335
117192
115952
118215
121066
118871
118662
119078
119458
119182
118720
118068
122251
121300
116676
115490
124995
125623
123462
116512
126307
124522
121852
124658
125514
124287
122643
121062
118365
120165
118744
118647
118370
118979
117036
115170
118775
120877
121705
121350
122699
123750
122985
120634
118743
117739
117310
113721
115585
116576
115282
117510
118617
117404
117987
119214
117237
117313
121570
123159
120801
122368
117444
127022
126236
118138
116146
115543
115600
115742
116483
115540
114454
116276
112971
111976
113398
122439
121815
121085
119421
123113
125961
124580
126826
124563
127712
125083
125801
124804
123632
126171
128437
130862
127146
117694
114940
114893
112334
113783
123241
121027
120616
120789
110650
117938
114919
110922
113601
113876
112223
111851
112103
110981
110872
111046
110950
110764
110385
110251
109950
109316
108412
106014
109874
110935
113516
112769
109090
107280
107728
107159
106008
106917
109452
106270
115013
110385
109370
105632
107260
107849
109442
109866
111534
110883
111705
109546
107158
109280
106080
107273
107211
105744
103444
104177
103738
103759
105297
104010
105934
104378
103784
105067
106647
107166
102844
106141
105128
107007
105757
105196
105589
106638
106254
105145
118322
116752
109829
107814
113260
111359
115761
118891
112223
116899
115481
113742
117820
118232
109482
109100
114923
109207
108047
110043
105782
107040
104702
108907
107751
105681
109649
106774
107566
111471
106337
110626
112457
111696
113842
111245
110392
113047
111340
105418
105536
107687
107205
105324
105285
107545
107148
106701
106690
106083
104518
104922
106297
107054
108503
108698
109303
109261
105388
106310
106382
107328
105903
111970
113979
111554
111062
110938
106799
113786
114927
110451
105553
104945
105002
104270
106086
104553
110481
106180
103726
118679
115251
116817
115201
114466
116469
114893
111276
114972
115015
114915
114834
115431
117977
117164
115582
117698
113497
111031
107418
108134
108981
105795
108580
108268
105706
107465
116383
118268
118362
117662
113810
109113
107616
106264
112548
110514
106060
105521
107314
107558
104880
105234
106024
106304
106000
105739
105250
105511
105147
106323
105457
105946
107567
106945
106298
107125
106839
106740
105780
107442
107600
106373
105999
105718
106695
105737
105730
108158
109164
108500
111984
111591
111033
110432
110573
111610
116181
113579
116735
115433
114157
115517
118535
116408
115942
118024
114146
111904
112130
110732
110244
112581
111721
111121
110276
111099
111552
110512
110865
110008
110050
109108
108861
109053
109873
109851
109284
108888
108407
108561
119456
118982
112051
110075
111018
109931
110957
108993
117803
118895
113543
115695
109849
112490
109620
108554
109034
108085
107827
107820
107772
106585
106096
107218
107450
107101
106402
105048
105274
107186
106068
104663
113325
111905
107791
109723
107469
109615
110027
105376
111151
111103
109005
110665
111328
111973
110829
108612
107467
107323
106693
105549
105514
105979
107059
106718
113002
111271
113192
112500
111280
106798
114969
114559
111124
104232
105166
105552
106747
107133
106753
116100
112025
111995
112497
112707
111176
115738
113515
115702
116132
114861
114470
112878
112837
111934
113999
112608
112530
113684
109682
105519
104400
104854
103152
102667
103212
102564
102456
100450
113067
109541
109872
99236
100998
105702
109195
107491
104670
111599
107146
107598
107866
106894
108273
106250
103574
104067
103889
103704
103469
103517
103595
103969
103775
103831
103340
103147
102944
103093
103121
103724
103147
103654
104030
103193
101558
103604
103752
103432
102924
104571
105650
105263
104507
105196
108675
108482
107605
106548
107548
106904
106762
105728
105352
105195
102933
102977
102811
102106
105829
105150
102576
102818
105729
103068
105716
103041
101000
100586
99150
107053
107250
106919
107206
103060
103875
103493
104204
103565
102944
103399
103404
102231
102073
101608
101349
100754
100703
101027
100896
100745
113252
107594
104871
101927
104046
104361
104634
103512
103119
103972
105559
101350
102864
102477
102468
101600
101449
109321
108988
107481
104976
103365
106147
110059
109123
110096
110154
108192
108356
107794
107781
107705
115432
114302
111322
112255
109019
110510
114661
111544
110569
110180
105579
100988
109743
111471
110924
104659
104676
102363
101622
101911
104481
105872
105922
113569
112907
111230
109772
104392
112510
112343
104712
100503
102195
101566
100541
100989
102011
113637
114105
111666
114464
113458
112718
113456
113150
111147
111369
112491
112444
109748
111039
110883
111373
106628
104186
104878
103402
102919
104165
104357
106964
106751
113978
113619
116326
109194
106454
105393
112813
114378
111011
106902
104899
106816
104224
103482
107938
107957
107209
107708
105453
105063
112835
107681
102474
103737
102635
102296
101938
101654
101610
101523
101357
101329
101634
100946
100709
99866
101449
100803
100691
103435
103896
102971
103948
103084
103764
103897
103385
104015
106228
103360
101785
100882
101175
102425
105671
106866
105995
104451
102592
101259
100124
102389
102417
101650
101990
102694
104382
106060
104763
109257
104817
107970
108647
106264
107963
108314
103505
102886
104802
106084
104467
105969
104211
103218
103164
102538
103096
104149
106463
106397
107328
106728
106639
106146
106669
105612
110675
109177
116847
113831
111278
107731
106279
104249
108186
107307
108114
107993
112870
113773
114143
111489
110300
108371
109015
108542
107911
105767
108039
104212
105492
106173
105790
107100
108782
107504
108721
111646
110492
114186
110640
109647
110321
112184
110613
109535
113248
122307
111895
110766
116717
112907
112564
111416
109983
111793
112814
108958
110006
106560
105521
107159
108106
106909
108854
109567
107270
107082
107132
108618
109348
108773
110089
113780
110652
115884
116620
115972
117435
109996
110376
114202
113797
110163
106164
113288
108026
105579
103981
116619
112117
112716
115352
118249
122017
119566
119703
119924
117235
116852
117705
118823
118302
117818
120439
121746
121882
120729
119695
123051
123530
120565
120675
119991
116996
118538
118204
117208
117163
116095
117220
119442
118107
117207
117320
118340
117223
116554
116330
117802
116342
116799
116770
118299
116235
117523
116758
116239
116469
117165
117782
118394
118245
116999
115887
115796
113432
115343
114425
113494
113780
112495
113097
113456
112813
114319
112772
113012
113453
112419
113208
111230
113312
115912
116936
115680
116797
117488
118047
117944
120447
120919
120403
118145
119402
118276
119932
117768
116956
118847
119465
121766
122289
120985
121114
124725
120803
117637
118055
118934
123250
125470
123342
123445
125596
125328
120846
121001
124557
125587
128182
129235
127508
120500
126552
124089
125674
123748
125181
125181
124783
122041
120602
115806
120181
118136
123043
120360
122390
117676
120167
118664
116967
114835
119054
121616
120256
119462
116757
117766
119615
117531
121295
122221
120259
118308
117715
116144
120224
116055
119390
129122
121395
116569
131170
117150
116245
114169
127193
117442
124242
131588
137626
119279
116570
114054
114486
111747
114066
111637
111891
112600
114336
113664
131040
123715
126156
129223
132119
130415
132770
128343
126495
125151
125109
127257
123192
125790
128291
130012
131445
132130
133907
130911
132740
124710
122093
122753
123006
122556
123070
115536
118318
123452
125124
125971
124385
133835
137486
136556
132180
131242
129947
128092
128096
128386
127905
120034
118111
118968
119430
118938
119204
119145
120264
119259
118394
118807
119863
128243
136464
136836
137234
117522
115349
120571
121345
120673
120700
120241
121126
119242
109810
109949
112075
110605
110411
124855
128267
111117
126302
109508
127791
129950
130913
144650
139719
128140
128405
126824
127061
127553
127327
127610
126949
126411
125732
126193
127625
127565
128022
134049
132119
121520
130832
134619
134698
127876
130650
132505
132411
129663
135282
129837
126527
125942
125315
125087
127918
126688
128836
129396
129095
129409
128804
131770
134231
137539
133720
134110
134437
133983
134638
133999
133537
133271
133630
134517
136882
130195
136779
135630
136011
138352
134101
136391
145341
139164
137976
137922
135355
138682
136919
137399
138108
137404
138466
141004
137225
137147
138774
136584
137932
139195
138866
138168
140312
120608
136158
137073
136957
137860
136982
140851
143884
141373
142627
141533
144228
148257
149405
151085
142761
146577
149708
150164
144446
147399
149901
146033
144578
147987
150376
151237
146434
141418
146774
137491
136913
129938
135050
136181
131528
132904
134604
131650
127971
130168
131620
129444
131207
129847
132613
135104
135278
136372
138381
137798
140567
138800
138759
137434
136158
139500
133138
132153
129526
125977
129766
130672
130428
128569
128541
130560
131394
127461
127693
133434
133147
132091
133060
133987
132798
133766
135275
133668
132873
134836
135614
133326
131264
129427
128622
129051
130638
128435
130492
129969
127592
127266
127398
127316
131702
132023
131803
130985
131334
129165
130744
131613
132614
131177
131245
134082
131983
132710
132612
132280
131004
129138
126197
126751
128413
128750
129300
128680
129423
129402
132960
130290
127886
128497
129421
131844
131772
130114
129174
128559
132626
129685
129749
132318
131145
128338
128416
125363
125234
126471
126542
124486
129805
132067
133031
132476
134247
132404
132718
133518
133149
132098
132273
132528
131577
132572
132280
130831
132198
134844
134055
135555
137042
130872
135509
132198
134607
132898
133507
132814
139909
138501
143049
144139
144847
140249
140161
139028
140804
137444
133391
134934
133011
135685
132363
131501
132256
133032
134471
137219
133359
131791
133766
133034
134144
135511
134258
132214
132992
132473
135097
135651
135910
135563
135432
133843
130910
130366
132146
130430
130033
130289
131460
131677
133900
131276
128529
128383
134314
133441
133499
130858
131039
137725
139059
136469
129872
131635
130185
130628
130944
131475
131291
133631
135272
135449
136116
136828
136165
139290
139804
138871
142531
138004
137975
141143
141864
140068
139042
136134
133828
132493
135800
135451
135398
132883
140580
135819
136811
136413
137362
139399
135060
133006
133668
138406
140224
139714
135794
136653
137670
136422
137611
133306
134508
133739
134405
135156
132741
129347
130517
132974
132722
132168
131668
129623
131473
131764
129905
131807
133301
131432
131131
130846
131622
131112
132321
131794
132560
133030
132956
133161
131663
131120
131843
137578
138428
130586
130059
130270
133111
129942
129419
129041
129093
133151
140498
140285
138824
135741
137929
136864
137664
135991
138534
134799
133116
130999
131509
131449
136613
138623
131724
136296
132161
131420
131524
131871
125831
125225
124247
130333
129368
129099
129258
129055
124252
130264
132049
138925
138384
136975
139866
139105
140431
137487
137466
138673
136689
140557
137306
135675
136225
135085
134155
132529
132605
134038
130994
129872
129977
129854
129649
129507
128774
129142
127892
127710
127084
128057
128469
133602
130375
126744
125281
134123
125773
125551
128793
128236
124759
124440
125722
127587
126194
126088
125175
124888
124940
126420
126014
125541
126469
125993
126112
125974
125539
127900
127671
127720
133415
132829
131944
125263
136054
130151
127397
126646
127724
127591
127044
127471
133872
134854
136539
136042
133881
136095
135997
138473
137883
135645
136095
135882
138012
136576
136535
136447
135517
135853
137327
135232
132554
131710
133903
131581
142204
141288
141198
129909
135416
135437
127428
127417
130757
141085
142370
142045
141294
142006
141523
138132
131915
130538
130426
129559
129158
129248
128613
128535
128269
128567
127599
128144
126652
126338
125354
125077
124738
124326
124646
125603
126734
126143
124698
124723
127319
127375
127316
126827
126680
127031
126428
126424
126220
126131
125952
126140
132412
131625
134105
132516
131325
131275
131251
131241
131110
126811
128807
128670
128854
129506
130144
129159
127664
126827
127652
124261
127016
127214
124978
125567
125203
124314
124792
124476
125569
125998
125557
125171
124578
123817
123759
123873
123146
123215
124012
123835
123573
123192
135053
126652
121802
122735
118740
125574
123038
128888
123763
122177
121681
122627
121524
119021
119803
118455
121725
119815
119368
119596
118470
118512
117963
117087
116539
115770
115808
117347
116389
116029
116201
117491
119023
119110
118311
116515
120118
117723
120333
117290
117086
116980
116132
116746
116948
120357
117955
118363
116533
115896
117121
117934
117228
117503
122972
125183
122709
124463
116717
126180
122169
119553
116582
120315
119753
119628
119531
119599
131278
131308
130861
131440
130650
130712
130225
130095
129775
130744
131343
130914
131292
131314
131081
131316
130644
131102
133343
132157
131204
126105
122366
123089
122381
121503
130540
130425
132682
123426
122638
126909
122178
120942
127147
124206
122067
120805
120369
122136
125305
129564
124168
124224
123591
125631
127274
123967
121928
121312
121461
121398
121183
121772
121583
121282
121319
121599
121326
121427
121098
120989
119863
120644
120879
121707
121171
120961
120547
121419
121962
121171
120834
120308
120419
120319
120115
120286
119858
119471
119597
120039
120059
118686
119622
124873
123344
124127
124003
124235
123830
123919
126658
122253
120255
122505
124282
127062
127237
124735
124512
124489
124192
128151
123604
123099
123024
122331
123829
123874
123253
122678
122333
123792
122219
122250
121908
122714
121689
122592
122308
122723
122851
122798
134771
129542
126958
127170
120294
119213
120782
119289
119477
118535
119630
118559
128896
129687
128292
126171
127185
126282
123751
124202
123073
125222
123614
124405
123719
123974
121800
121794
123704
124173
123406
123697
124377
124658
124247
122497
124812
122822
124761
125001
121109
121177
120953
119827
120304
122745
121992
121669
121543
119990
119082
118527
118918
121323
121333
120847
120199
120070
121847
122679
122645
121075
119731
120497
126083
126253
126080
125935
121879
121159
130149
131991
132051
128367
122561
121248
122570
120991
121793
121224
121075
130128
131690
131817
130974
132265
135590
135184
136940
136958
135596
134190
135512
134938
132811
132695
135265
134512
133714
125558
125458
121529
124424
124338
125738
146805
146646
146957
148545
149834
130080
127972
129786
131801
124537
126111
129527
125802
128797
124416
125029
125099
123426
123143
130092
123141
123084
122101
122990
122436
122380
123904
123579
125641
127465
128632
128742
126514
128857
131787
132802
131509
131661
130631
129216
128974
130672
130653
133207
130429
132505
132905
132795
132523
131448
131796
128560
128064
131190
125213
129958
132471
129336
129313
127273
127847
124859
123481
128239
129390
128808
134681
128901
128110
127836
128056
127236
127569
136025
130368
127187
128309
128093
133696
137667
144085
135887
134291
136307
142270
143263
140101
144590
142728
141330
143189
141391
138908
139516
142388
145201
145508
144746
147444
143507
149609
156569
160769
162981
166135
167673
166076
165340
162269
163425
166242
164557
163414
159257
156064
152595
151480
148899
147258
149038
147675
142600
139769
144226
141436
142667
144344
141649
143602
140231
134259
133952
136116
138928
141567
143485
142182
140643
140230
136790
136787
130576
134047
134398
140140
136550
135402
140361
140454
140361
139874
140042
140164
140188
140695
141919
140878
134295
131810
130485
131213
125860
125377
125606
128263
127012
127258
127215
128545
127691
127585
126542
126101
126957
126034
126201
127732
126843
125936
128994
129165
127172
127233
132218
130843
131508
129670
127261
131685
129737
129188
136876
136060
134174
127983
137639
135062
140559
140649
140125
136419
131970
132096
128858
129786
129020
131828
132676
132531
133283
135886
129403
129747
129911
109601
109848
116546
109822
109378
108602
119661
121804
127776
127739
121416
127570
123377
120494
121149
119705
119547
120703
121645
122437
121074
121098
120846
120326
117732
118270
118306
118579
117857
119132
113643
110356
108602
111096
111849
120812
128710
129382
132040
118376
115733
118840
113994
120150
111148
108778
108898
112535
113463
115510
115797
114617
113687
115219
121137
128316
130023
130530
125352
126464
125087
121460
120598
118761
117076
125304
130188
122940
123824
124048
128422
125665
129596
128109
123934
121837
123033
125441
124222
122321
120697
119400
119682
121164
119765
122125
120309
120792
121674
121688
120645
120766
119625
117905
118455
119730
119550
125855
126352
125200
122935
120699
119577
120115
118881
123357
123067
119873
124500
124515
122020
119862
123954
126454
118607
117199
117428
116317
122158
117207
117981
114667
115574
116130
116457
115130
118341
119606
115622
115154
113797
121146
119883
119327
116642
117198
119913
125001
128503
128971
126551
121561
126214
121450
117819
116399
117975
113742
113788
114930
114317
115024
115406
114062
114326
114485
114601
116108
115105
117899
116077
116732
118725
121817
121436
127556
120318
126235
123732
118263
117721
120604
119555
117159
122337
123924
118713
118895
118749
120174
115546
115314
117075
117721
123250
122298
128936
122477
121996
120370
120213
121366
120085
121315
121637
126149
126718
125820
127866
122601
121831
120485
121541
122881
123077
122696
120962
123994
124095
124852
124003
128355
129334
126714
121127
131629
131221
126057
123739
120689
120160
122725
121125
123296
120216
128415
132506
134631
132755
133524
134828
131614
126585
135169
135604
135591
132204
126459
124981
123360
122263
124404
124258
123872
122557
123628
122234
123483
123656
122447
122558
122564
122122
125186
129668
129408
124729
129625
130602
122396
121654
126060
128760
129882
134926
133555
133064
132487
133980
128297
125761
128696
128965
124381
124573
123496
121368
119530
118501
120754
119214
116977
115665
113181
113839
112866
113440
115651
114261
123885
122291
119167
121658
121313
118832
115463
121887
120859
115456
115158
113334
112338
114807
114477
115628
114506
113845
113214
109355
114721
114409
114024
112105
114156
117515
115066
110991
111880
111465
113867
114742
112431
114866
113455
115165
113613
108865
110133
115353
116541
122196
119454
115518
121422
127659
116700
119421
115779
113195
111920
109140
111424
117300
117910
114459
123122
124509
121244
117624
120449
120311
119242
118721
120976
121122
119511
122489
120599
117992
119700
120027
117593
118654
114758
111487
113818
112637
111968
112723
111653
114405
113357
113723
108955
113392
115325
110884
113001
113538
109991
112415
113239
112910
113057
113137
113128
111856
117177
117308
114907
118974
116458
116431
117299
115567
116380
116816
117141
120333
119051
115680
113090
113821
118040
118024
115109
111086
110615
109657
110309
110408
111084
111426
113955
114343
112223
111806
114912
114444
114441
113755
116525
117144
119687
117297
117722
116607
115579
116383
114004
113658
114306
113638
122713
121759
121108
121203
119844
122076
121514
121757
121962
123644
129589
127718
127086
126626
124348
124260
135059
136114
133941
131074
128184
129444
132214
135201
134384
135446
132352
129812
132005
129283
127544
126330
126894
124255
122907
118041
119415
119336
119976
121664
128006
128122
124202
124375
124364
126748
128160
127230
138134
134265
132273
130633
132483
131559
135525
136541
138895
140810
138223
135829
132722
135693
137772
140397
137259
133521
131031
124996
124823
124772
123094
121189
122040
121166
122450
120732
122164
122999
123446
122713
122104
121955
123039
123408
121521
124808
125085
124299
125961
125243
121113
120419
121803
127201
120241
123412
122484
122704
125020
127268
131955
130418
134042
128109
127871
127278
126439
125825
127374
128220
128702
131072
131129
132184
132121
135294
135896
132585
134609
136183
127339
126240
132251
129835
128104
129594
125050
125366
127705
125054
125448
126471
128221
126353
127638
126060
126140
126359
125514
123747
124214
123241
122459
122975
122621
124441
123063
121178
119873
121031
122141
122715
123654
123894
130905
134989
137543
138399
122613
129547
131750
144797
146348
146461
134019
131115
130122
136128
136559
136740
141158
142714
144246
136908
139292
136553
138782
138353
131357
142383
135643
145371
143360
142169
140944
132087
132606
134148
136313
136636
134676
132783
133094
131337
139542
140602
141321
141280
143938
144846
143144
142455
144515
144694
141622
142010
139712
135214
143689
141543
133945
132527
134674
131022
135689
142369
142751
136285
128904
124669
122569
120271
117054
124820
124535
122617
123522
114024
111514
113417
112154
111606
118219
115762
109893
113024
109054
107754
108231
110237
118338
117185
117566
114683
120553
114199
117338
117378
113578
111741
108690
110883
112703
114486
118160
119336
113940
111814
114928
114843
111853
121744
118876
119401
120272
108738
108536
108344
109339
110600
110911
108881
108442
116772
119347
119079
120605
112641
109334
119578
120334
122434
118879
121334
120073
122723
123590
126263
123939
126192
115870
127040
122005
116491
118799
117329
115473
115917
115660
117563
120228
123452
119605
129774
132154
131845
132170
131750
127946
130254
128980
130306
127815
126476
126395
125628
127089
132847
130826
130115
132419
131795
129887
128193
128377
128256
127870
127722
128166
127838
123938
120455
140544
128805
128775
128057
128106
126899
130297
130575
132849
133210
130435
131173
130924
130142
130019
130659
129869
129475
129953
125885
128081
128501
129178
128242
127671
118505
129364
128842
129052
129006
133373
131886
128912
128743
128921
128714
127370
126980
125593
128369
126845
129762
129614
127061
126852
126293
127091
126608
126615
125556
126334
126439
126542
126140
126780
118305
126307
126859
127243
126431
125989
126506
131530
130542
132363
132584
132064
133012
136590
138029
136496
134316
134952
132397
137320
132074
136569
134769
127834
126636
127846
126739
127587
126489
126573
126503
126512
128181
126965
126147
126814
127375
126247
125281
124398
123941
123782
124422
125878
125013
132315
132813
130855
134613
131094
131597
128792
126231
124329
121694
120769
123843
130264
128461
127458
122755
116894
114348
114443
115068
115159
115235
114853
116390
115905
116555
115821
116888
116702
116156
116450
115143
112942
112464
114167
113804
110281
107173
107189
107281
107432
106772
106890
106749
106324
111343
107114
107155
108347
108249
105810
107952
109897
111233
109911
108768
108210
108626
106167
106589
111562
111541
108071
108169
110658
112161
112161
109443
108516
111628
110302
106062
109954
108951
105875
105651
109693
117342
113450
111713
110931
117006
114062
110719
107342
107160
106583
105963
105603
105687
105780
105510
105805
106982
107975
106368
106001
105516
105347
105170
106664
109076
107208
106374
106839
106477
107473
107385
107243
107200
107621
107433
106821
106639
107648
107918
107680
107359
106654
105985
105583
106374
105426
106046
103919
104419
107465
108040
111920
113730
114099
118111
114499
117741
117386
114666
114191
113901
113900
113721
113458
114705
115102
115069
116194
115714
115440
113879
117921
118878
116721
117037
115838
114302
119012
114152
114444
113372
113587
113462
126307
122334
116403
116999
115234
122900
119334
122946
115059
119014
118654
116713
117013
115537
117508
117178
114947
114417
113794
114212
116224
115476
116093
115185
114477
114069
112945
113273
112689
112519
113279
120211
122781
119228
118395
117777
122092
122314
115209
117058
115871
115409
113774
113928
114358
116069
118064
119561
118746
117334
115917
116908
118108
116249
116712
115215
113049
114098
114576
114164
124377
124609
123893
123199
122936
115085
116426
116849
116628
126811
122407
117738
120945
119202
121834
120530
122593
127099
131423
130652
130985
132341
132407
133342
132960
131323
132945
130998
131335
130325
130034
130564
132006
131406
130699
130764
133306
132690
133646
133577
130861
128547
126930
120395
125278
122462
119993
121623
131285
132631
133821
133780
130248
121478
123173
122407
125582
124117
121396
121844
119293
119759
122190
121801
121330
120991
120331
120378
126042
123085
120850
120008
119838
120390
120966
120009
119818
119474
119299
121104
121203
121639
120545
116092
117310
116608
119120
119698
121079
120618
120443
122788
124301
122116
122357
124062
120924
121557
121702
122197
124356
124998
121827
121943
122791
121454
131143
132538
132083
137783
134359
134765
131007
132772
136759
127350
129841
138204
137647
132973
133556
134220
134369
132447
132446
131843
133774
132781
134992
132511
132639
135558
138134
146588
138463
133626
135190
136029
143979
147015
145252
137563
133193
136534
133403
132646
129572
128327
128245
135142
133417
137040
134731
132166
131261
135490
136449
137421
138438
138801
136265
136343
134248
129485
136792
137696
137617
142030
145839
147088
145737
146917
147924
147413
149195
147778
148069
149089
150722
146101
146881
144363
143417
143054
141876
141753
142172
143041
143774
144353
144167
143756
143528
143457
142810
141986
143221
143936
142543
144263
143263
144302
143832
145314
144115
143071
142728
145066
146058
146500
151687
141734
145632
146265
143750
141441
137251
138663
140139
142371
142747
141223
141647
138599
139381
137277
137589
134365
139832
141206
143701
148311
150767
150898
149305
152011
152561
151679
152991
154479
154795
147031
149872
149796
148056
152406
156181
153408
154097
150646
152760
150980
152184
152254
157358
156315
155452
153738
148301
150017
148142
150468
141453
140437
140574
140625
141498
151046
150833
152854
154985
154869
148184
146040
145961
142337
148661
144630
148177
149872
148709
147432
147172
146973
145080
148117
144425
144231
149763
149575
150103
148606
144370
146346
147395
143507
153882
149878
147865
146752
150110
145640
144543
138592
138217
138225
138997
139153
141118
137233
137778
137384
137103
137138
139192
137256
136702
136881
139487
141513
138325
138156
139718
140428
142135
143079
142874
144341
146900
147206
146648
141935
143167
142459
140515
139622
138543
136502
137345
137898
144782
145656
141316
147661
147517
145205
145487
143558
140063
140018
137961
138536
134987
137120
135083
133431
138154
138681
135476
134571
133462
135635
132847
135524
137094
134288
133290
130819
130747
132202
131178
130648
133650
134809
133193
135488
134529
131522
129965
134560
131832
132508
131006
131543
128494
128732
132906
132524
132918
130169
130632
132768
130631
128321
132521
133128
132902
133415
133769
133578
130866
133228
131014
129629
135757
132245
131985
130205
128337
130737
133096
133627
131668
131063
130559
131219
132410
131793
132119
132765
135832
134811
133007
133169
136173
131903
133049
129646
129954
128492
127831
128317
130793
133013
131116
133011
136706
133253
131058
129391
130035
128803
127113
126732
130519
124974
127981
130483
132280
131024
137843
133965
126224
133582
128440
135700
134654
134663
135665
133199
132482
132368
136602
137355
137240
137937
139864
138611
133183
132698
136915
139553
139171
139946
143503
141078
141182
134959
135958
135119
135908
136969
136721
137247
140113
138811
138567
137427
138546
140333
138976
136638
134409
134959
134443
133861
134660
132815
134425
133827
133878
139054
138804
140465
140613
140242
140140
133795
131740
131863
136178
135854
141026
136387
135936
133804
134293
133199
134053
134877
133922
140395
138616
137665
142727
148395
145801
142647
151236
136569
150352
140302
133594
136627
132856
139197
135152
132930
132066
139003
142697
139713
140882
142872
141199
140667
139901
127803
133317
136266
134697
132627
140435
137051
138543
138955
141972
139628
139677
136688
134117
138074
139108
137449
137468
135784
134026
136472
137297
137166
137264
136182
135741
135048
135380
135658
135689
136966
138117
137786
137120
138769
137224
138446
138684
138457
137327
136521
134782
136495
136103
134376
132220
142776
137725
136721
139650
144773
143221
153912
144424
154255
150378
149348
145158
151665
140131
146652
142304
141191
142543
137911
137860
149723
149439
152654
149338
144635
144972
140626
140764
144032
143628
141734
143452
141222
144600
144288
145092
144240
144880
140490
141692
132298
135724
135457
134672
135028
135026
134446
140355
138826
135931
137147
133493
133867
139722
139613
144625
139507
135481
134945
135831
139071
136663
137800
136591
143266
140215
140077
140800
140624
141390
140831
140005
138433
138679
139046
138170
138935
138984
139145
139089
139789
140896
141886
148854
144314
147625
146383
150167
147823
143030
147304
150614
150874
147856
144062
142884
144870
144332
145395
145275
145378
142686
142461
140894
142376
141395
141002
136969
134845
137892
136724
132506
127588
128539
126538
130492
136321
128487
128472
126891
127115
122912
125821
130372
128443
127024
130108
137581
133296
132177
131820
133631
133106
132550
131802
136060
136856
139941
143554
142366
141608
140903
139299
138408
137682
137987
137698
146216
146868
146659
143351
142215
140026
141652
145576
145099
142619
144545
141896
137876
136251
144111
139756
135256
138769
134672
131454
134081
136998
137282
137796
139736
138660
137182
138836
137481
137363
136981
136819
128025
127237
126119
122255
123020
123187
117310
125742
126871
126227
126400
115767
114774
118156
122131
118635
118704
117608
118166
118865
121169
118577
117967
117109
116114
114134
111179
110564
110847
113262
112356
112405
111801
122813
120612
111522
109755
114123
112014
117307
112627
110965
119271
119520
120359
120367
119620
119197
122954
119800
117565
119171
117387
117718
117898
117498
117014
116520
115794
116205
120449
117430
108924
107120
106636
105498
105339
106765
115702
115812
117149
117318
114613
107401
110226
109911
121196
119405
112279
114679
112764
110847
109231
117839
121220
120254
108051
109823
106905
112575
121817
120167
120966
121610
119581
120711
122671
119832
120100
124567
127295
130227
129224
129802
133462
124649
124651
123966
125372
124917
123099
120834
120917
121094
121900
121099
123364
126737
120107
114517
117051
117032
122027
121366
123744
123042
121727
121560
132491
132626
135355
127181
128800
138414
134250
127662
128658
127745
122625
122886
120893
130420
127347
123808
124687
124363
120112
119092
126198
128503
125025
120135
118956
118822
115413
114588
116212
121119
116432
115292
123709
124005
121127
117865
114628
114291
117275
116864
110226
115726
116159
117736
118929
117726
121168
119995
117377
114219
109945
109011
109777
110455
110275
111100
111399
116195
120626
116412
114317
114264
112817
110457
111182
108408
108094
108213
107954
108684
107605
107870
109248
106739
107107
107202
114126
121283
118155
117927
113902
113812
109746
118202
117070
108492
105380
105406
107958
108336
108554
109507
111566
112216
115235
114127
114008
116340
116264
116525
110896
118425
123592
121902
118275
121804
120993
121457
125411
124598
124411
124998
128601
125754
124278
124174
124066
124067
123418
123533
123991
122888
120457
119949
115941
116646
114022
115683
125836
124242
121706
121224
112047
115784
122933
119884
115324
116353
119897
118128
118305
116777
117433
117232
117507
119961
117849
118195
119568
119070
117589
118114
119360
118663
117346
116697
116246
117131
115866
116560
116144
117935
118785
118168
119762
113930
113717
116285
114828
115233
115218
114379
115929
116733
112819
113937
115830
113256
117396
115745
115217
114383
119132
117870
112440
113831
117861
121053
121805
117950
117888
119919
131025
124302
115021
117540
120102
115923
118068
119341
117336
118899
115764
114953
114879
112392
111282
109796
111416
113779
113058
114342
114020
112752
110676
111322
111119
108691
110160
108299
108724
106866
103700
101619
109569
111117
109499
103309
102224
120777
118521
110255
111094
110835
111019
105324
102283
104615
110326
110265
111548
109010
105742
105791
107867
108108
104878
108658
107088
102237
102229
104189
104288
105641
106135
106887
108286
112710
112731
110281
108038
109662
109110
109029
111785
115977
114335
107312
112045
112408
106899
113466
110709
110676
101233
110042
110776
107906
106014
104715
104713
104984
104171
107620
109353
119988
119590
121774
122671
120267
117642
112421
114501
116035
117652
112989
122136
119595
120076
120260
121702
126158
121739
116960
113182
113643
114710
109224
112111
108253
106292
107757
118760
120373
120150
120573
114948
114638
120809
124085
122664
119389
110105
113861
107772
111698
113873
111511
108723
111791
109878
109539
108952
109584
108374
119064
109381
109711
111667
106449
108679
109162
108736
106549
106533
105657
103186
101699
105327
105036
102827
111884
112769
110858
115235
110514
110071
112456
108140
111723
111678
111519
117492
113875
119341
116187
114978
113117
115709
115217
116129
114844
114638
114486
112210
111332
110262
115376
115867
121539
115361
115341
114736
114304
112878
123697
114452
114818
113078
116565
111215
116790
114347
108724
110968
107708
110901
110635
112277
108530
107473
109953
107907
107134
107016
111848
114767
107013
107124
110752
108788
111094
111574
112455
108858
107395
115852
119854
112073
112567
119208
121755
111165
117331
112648
111445
115683
114109
114711
116851
116247
115645
114864
113853
115158
112378
116427
127592
126348
123932
124122
121924
123542
121667
129055
128447
134451
133054
137284
129225
124963
131119
134434
134545
134111
127029
130911
122869
123971
121216
124098
124422
123679
119175
123320
119524
114215
127990
126701
124842
133775
131275
130346
128752
129240
128163
124330
123956
122988
122824
120857
120716
120531
115973
115174
119634
118463
113529
118214
118181
127542
129361
128114
120521
114559
111564
109399
109697
107795
108076
111146
115354
114153
119570
106318
106620
106905
106704
109940
131904
132005
136506
137518
137120
136172
138145
135580
129087
104056
104125
132929
108340
123733
122409
127372
129753
133408
137327
139781
142855
103205
103145
114322
110522
106846
106776
107551
105519
106192
101467
107414
105643
114558
112515
120755
122895
125303
129408
132303
134435
136877
136423
137042
138044
143968
141188
123319
117599
120719
115653
97940
102508
101372
102023
103225
109567
99523
102059
99957
100069
99667
100496
103459
104569
103453
103328
106317
100019
100914
102082
